Multiple size <= 100
TEST 1 ARG:25 9 84 38 62 56 57 99 90 34 88 39 74 96 17 66 79 70 91 29 7 97 5 59 86 20 13 16 94 44 2 30 98 1 10 48 31 71 19 87 15 61 73 83 81 12 63 65 93 95 43 51 6 49 36 37 52 92 8 69 54 18 41 72 45 60 82 22 85 89 0 46 47 21 32 76 42 24 80 33 55 27 40 23 4 53 75 28 64 50 35 3 68 58 11 67 26 78 77 14 
TEST 1 ARG:25 9 84 38 62 56 57 99 90 34 88 39 74 96 17 66 79 70 91 29 7 97 5 59 86 20 13 16 94 44 2 30 98 1 10 48 31 71 19 87 15 61 73 83 81 12 63 65 93 95 43 51 6 49 36 37 52 92 8 69 54 18 41 72 45 60 82 22 85 89 0 46 47 21 32 76 42 24 80 33 55 27 40 23 4 53 75 28 64 50 35 3 68 58 11 67 26 78 77 14 
TEST 2 ARG:29 74 82 10 45 14 33 49 70 23 58 8 24 54 98 85 72 68 9 75 40 26 63 18 51 4 53 6 84 93 65 0 78 2 89 91 79 80 66 92 86 64 16 37 19 28 47 61 25 48 39 71 59 43 88 41 69 95 97 7 46 13 15 50 5 17 60 44 22 55 36 87 56 81 52 35 12 73 62 94 67 20 96 11 38 3 42 34 77 90 76 83 99 27 31 32 1 57 30 21 
TEST 2 ARG:29 74 82 10 45 14 33 49 70 23 58 8 24 54 98 85 72 68 9 75 40 26 63 18 51 4 53 6 84 93 65 0 78 2 89 91 79 80 66 92 86 64 16 37 19 28 47 61 25 48 39 71 59 43 88 41 69 95 97 7 46 13 15 50 5 17 60 44 22 55 36 87 56 81 52 35 12 73 62 94 67 20 96 11 38 3 42 34 77 90 76 83 99 27 31 32 1 57 30 21 
TEST 3 ARG:75 20 7 47 26 94 50 88 40 59 29 42 33 70 68 74 31 64 10 19 0 79 61 57 48 82 25 46 13 90 28 51 9 76 95 35 53 41 8 24 62 96 15 14 3 11 36 71 23 84 63 5 93 22 86 12 83 45 80 97 89 66 69 30 39 67 91 43 2 92 52 85 56 37 27 99 58 81 32 78 98 55 65 73 18 60 44 77 72 21 17 1 16 34 4 6 38 54 49 87 
TEST 3 ARG:75 20 7 47 26 94 50 88 40 59 29 42 33 70 68 74 31 64 10 19 0 79 61 57 48 82 25 46 13 90 28 51 9 76 95 35 53 41 8 24 62 96 15 14 3 11 36 71 23 84 63 5 93 22 86 12 83 45 80 97 89 66 69 30 39 67 91 43 2 92 52 85 56 37 27 99 58 81 32 78 98 55 65 73 18 60 44 77 72 21 17 1 16 34 4 6 38 54 49 87 
TEST 4 ARG:38 89 30 18 23 74 93 37 94 41 97 44 0 66 83 63 7 64 78 16 51 46 5 42 43 9 3 22 50 71 45 79 2 75 62 68 28 76 8 36 84 48 58 54 92 34 55 20 69 29 98 4 13 56 80 17 21 86 10 24 88 32 19 61 72 87 47 1 82 25 52 67 99 81 65 26 15 77 60 33 70 59 73 53 27 91 57 95 85 40 11 39 49 35 31 6 14 12 96 90 
TEST 4 ARG:38 89 30 18 23 74 93 37 94 41 97 44 0 66 83 63 7 64 78 16 51 46 5 42 43 9 3 22 50 71 45 79 2 75 62 68 28 76 8 36 84 48 58 54 92 34 55 20 69 29 98 4 13 56 80 17 21 86 10 24 88 32 19 61 72 87 47 1 82 25 52 67 99 81 65 26 15 77 60 33 70 59 73 53 27 91 57 95 85 40 11 39 49 35 31 6 14 12 96 90 
TEST 5 ARG:91 94 17 1 11 27 62 13 50 21 88 84 35 77 97 81 60 52 54 10 83 28 32 46 36 37 20 49 89 72 22 3 9 18 85 95 42 6 64 44 66 80 8 61 76 58 75 57 67 56 51 41 65 45 55 30 0 24 14 82 90 93 86 33 31 7 92 79 19 5 34 48 87 23 99 59 26 96 43 4 15 69 25 12 2 63 39 16 40 98 68 47 38 73 74 29 78 70 71 53 
TEST 5 ARG:91 94 17 1 11 27 62 13 50 21 88 84 35 77 97 81 60 52 54 10 83 28 32 46 36 37 20 49 89 72 22 3 9 18 85 95 42 6 64 44 66 80 8 61 76 58 75 57 67 56 51 41 65 45 55 30 0 24 14 82 90 93 86 33 31 7 92 79 19 5 34 48 87 23 99 59 26 96 43 4 15 69 25 12 2 63 39 16 40 98 68 47 38 73 74 29 78 70 71 53 
TEST 6 ARG:98 49 44 42 76 30 7 75 67 24 31 63 91 86 36 32 68 9 54 35 97 88 16 37 55 2 47 46 4 25 6 28 8 64 83 92 22 87 13 48 62 23 65 85 45 27 20 59 50 38 1 17 90 89 41 11 78 14 79 61 39 33 12 15 69 94 26 66 71 53 73 77 5 99 58 80 57 51 10 29 96 40 74 19 60 95 0 81 93 82 56 18 84 21 72 3 43 70 52 34 
TEST 6 ARG:98 49 44 42 76 30 7 75 67 24 31 63 91 86 36 32 68 9 54 35 97 88 16 37 55 2 47 46 4 25 6 28 8 64 83 92 22 87 13 48 62 23 65 85 45 27 20 59 50 38 1 17 90 89 41 11 78 14 79 61 39 33 12 15 69 94 26 66 71 53 73 77 5 99 58 80 57 51 10 29 96 40 74 19 60 95 0 81 93 82 56 18 84 21 72 3 43 70 52 34 
TEST 7 ARG:62 72 7 79 15 50 4 16 91 25 66 82 85 2 68 10 84 88 19 5 65 36 40 69 31 34 21 90 86 98 80 38 87 49 57 45 6 41 70 73 9 71 55 78 51 12 83 0 64 3 58 93 22 47 53 37 8 76 94 35 28 92 29 1 81 99 75 61 44 11 23 60 48 20 43 17 13 26 54 56 63 77 18 14 59 74 32 30 67 89 24 33 97 39 95 52 96 42 46 27 
TEST 7 ARG:62 72 7 79 15 50 4 16 91 25 66 82 85 2 68 10 84 88 19 5 65 36 40 69 31 34 21 90 86 98 80 38 87 49 57 45 6 41 70 73 9 71 55 78 51 12 83 0 64 3 58 93 22 47 53 37 8 76 94 35 28 92 29 1 81 99 75 61 44 11 23 60 48 20 43 17 13 26 54 56 63 77 18 14 59 74 32 30 67 89 24 33 97 39 95 52 96 42 46 27 
TEST 8 ARG:5 67 52 35 89 40 80 11 17 6 31 1 19 75 68 34 70 61 69 58 62 66 95 87 99 79 51 47 53 48 72 50 16 84 57 71 43 30 49 88 63 13 91 97 96 74 82 44 15 9 46 65 2 26 14 3 78 18 98 33 8 60 85 20 32 86 38 92 4 54 73 90 94 55 76 7 23 81 10 77 37 45 36 28 25 41 21 39 24 29 83 0 22 27 59 93 64 42 56 12 
TEST 8 ARG:5 67 52 35 89 40 80 11 17 6 31 1 19 75 68 34 70 61 69 58 62 66 95 87 99 79 51 47 53 48 72 50 16 84 57 71 43 30 49 88 63 13 91 97 96 74 82 44 15 9 46 65 2 26 14 3 78 18 98 33 8 60 85 20 32 86 38 92 4 54 73 90 94 55 76 7 23 81 10 77 37 45 36 28 25 41 21 39 24 29 83 0 22 27 59 93 64 42 56 12 
TEST 9 ARG:54 8 93 16 53 94 14 90 71 83 95 60 89 72 61 32 41 76 47 23 17 65 51 57 21 18 46 69 97 13 59 22 44 39 74 6 45 31 68 3 96 7 1 87 29 84 11 63 40 2 64 36 27 98 62 10 0 15 82 75 4 78 25 43 49 92 9 28 37 80 50 86 81 99 66 70 67 88 58 77 19 12 55 26 24 91 30 5 48 56 38 33 73 42 20 35 34 85 79 52 
TEST 9 ARG:54 8 93 16 53 94 14 90 71 83 95 60 89 72 61 32 41 76 47 23 17 65 51 57 21 18 46 69 97 13 59 22 44 39 74 6 45 31 68 3 96 7 1 87 29 84 11 63 40 2 64 36 27 98 62 10 0 15 82 75 4 78 25 43 49 92 9 28 37 80 50 86 81 99 66 70 67 88 58 77 19 12 55 26 24 91 30 5 48 56 38 33 73 42 20 35 34 85 79 52 
TEST 10 ARG:98 68 7 3 5 95 33 48 80 76 96 55 51 83 57 38 8 45 50 26 52 82 28 53 71 1 60 59 32 90 31 99 89 25 11 21 44 54 22 93 36 41 14 46 84 64 58 70 19 4 6 88 87 72 27 81 47 12 63 9 86 30 61 39 66 24 18 23 77 35 92 17 49 91 29 40 62 56 69 2 42 85 37 74 0 10 65 97 13 34 94 67 78 20 43 15 75 79 16 73 
TEST 10 ARG:98 68 7 3 5 95 33 48 80 76 96 55 51 83 57 38 8 45 50 26 52 82 28 53 71 1 60 59 32 90 31 99 89 25 11 21 44 54 22 93 36 41 14 46 84 64 58 70 19 4 6 88 87 72 27 81 47 12 63 9 86 30 61 39 66 24 18 23 77 35 92 17 49 91 29 40 62 56 69 2 42 85 37 74 0 10 65 97 13 34 94 67 78 20 43 15 75 79 16 73 
TEST 11 ARG:48 47 97 43 3 61 66 78 17 38 40 86 10 19 53 74 62 55 20 8 72 70 94 56 12 37 51 44 24 87 28 16 69 4 58 82 77 25 26 42 35 31 39 54 49 81 30 96 75 13 41 21 2 32 59 67 83 29 33 98 88 22 14 46 1 23 34 64 18 9 85 15 92 91 63 99 90 0 73 52 5 45 95 89 27 76 71 84 50 7 11 60 68 36 93 6 80 79 65 57 
TEST 11 ARG:48 47 97 43 3 61 66 78 17 38 40 86 10 19 53 74 62 55 20 8 72 70 94 56 12 37 51 44 24 87 28 16 69 4 58 82 77 25 26 42 35 31 39 54 49 81 30 96 75 13 41 21 2 32 59 67 83 29 33 98 88 22 14 46 1 23 34 64 18 9 85 15 92 91 63 99 90 0 73 52 5 45 95 89 27 76 71 84 50 7 11 60 68 36 93 6 80 79 65 57 
TEST 12 ARG:29 22 54 6 50 62 42 79 47 86 84 1 27 53 19 58 26 92 75 41 9 31 39 60 35 55 37 77 5 23 10 48 45 34 36 90 72 17 80 70 82 64 91 71 76 69 74 59 40 11 68 57 25 56 51 95 63 52 18 12 78 61 28 2 32 87 89 99 3 67 98 46 0 24 96 44 16 83 94 85 38 4 93 15 7 33 30 65 8 43 88 14 81 20 97 66 73 21 49 13 
TEST 12 ARG:29 22 54 6 50 62 42 79 47 86 84 1 27 53 19 58 26 92 75 41 9 31 39 60 35 55 37 77 5 23 10 48 45 34 36 90 72 17 80 70 82 64 91 71 76 69 74 59 40 11 68 57 25 56 51 95 63 52 18 12 78 61 28 2 32 87 89 99 3 67 98 46 0 24 96 44 16 83 94 85 38 4 93 15 7 33 30 65 8 43 88 14 81 20 97 66 73 21 49 13 
TEST 13 ARG:7 82 34 64 84 29 21 0 50 13 1 23 51 90 95 98 69 43 6 66 61 9 32 79 44 15 75 38 81 3 60 77 73 45 99 67 76 25 42 20 31 10 62 5 28 56 91 80 54 41 70 36 87 17 49 88 33 86 85 24 96 94 72 74 19 52 4 92 2 30 8 39 37 97 16 57 53 11 22 93 47 78 14 71 35 68 58 55 26 59 63 89 46 48 18 65 27 12 83 40 
TEST 13 ARG:7 82 34 64 84 29 21 0 50 13 1 23 51 90 95 98 69 43 6 66 61 9 32 79 44 15 75 38 81 3 60 77 73 45 99 67 76 25 42 20 31 10 62 5 28 56 91 80 54 41 70 36 87 17 49 88 33 86 85 24 96 94 72 74 19 52 4 92 2 30 8 39 37 97 16 57 53 11 22 93 47 78 14 71 35 68 58 55 26 59 63 89 46 48 18 65 27 12 83 40 
TEST 14 ARG:9 78 21 86 6 51 42 84 7 8 66 33 29 76 88 22 97 82 87 64 79 18 35 23 10 57 62 27 12 34 50 45 71 60 15 63 67 92 56 90 55 3 68 96 24 37 49 81 19 74 99 43 30 16 93 80 13 85 32 31 26 20 72 70 4 36 41 91 46 14 28 1 40 0 2 25 98 47 95 65 5 54 83 73 61 94 69 75 39 53 17 11 58 48 89 38 52 44 59 77 
TEST 14 ARG:9 78 21 86 6 51 42 84 7 8 66 33 29 76 88 22 97 82 87 64 79 18 35 23 10 57 62 27 12 34 50 45 71 60 15 63 67 92 56 90 55 3 68 96 24 37 49 81 19 74 99 43 30 16 93 80 13 85 32 31 26 20 72 70 4 36 41 91 46 14 28 1 40 0 2 25 98 47 95 65 5 54 83 73 61 94 69 75 39 53 17 11 58 48 89 38 52 44 59 77 
TEST 15 ARG:87 74 32 50 35 29 46 67 63 51 11 68 40 20 26 27 75 22 84 99 37 85 21 93 23 36 89 24 96 6 16 64 4 71 69 39 34 88 5 10 53 80 42 19 57 25 33 13 73 7 81 55 56 45 86 30 18 1 54 2 43 92 65 91 82 48 94 76 77 14 78 17 60 66 28 62 83 31 9 8 98 95 0 97 59 90 44 58 15 41 49 61 79 52 3 12 70 72 47 38 
TEST 15 ARG:87 74 32 50 35 29 46 67 63 51 11 68 40 20 26 27 75 22 84 99 37 85 21 93 23 36 89 24 96 6 16 64 4 71 69 39 34 88 5 10 53 80 42 19 57 25 33 13 73 7 81 55 56 45 86 30 18 1 54 2 43 92 65 91 82 48 94 76 77 14 78 17 60 66 28 62 83 31 9 8 98 95 0 97 59 90 44 58 15 41 49 61 79 52 3 12 70 72 47 38 
TEST 16 ARG:52 22 26 47 0 42 13 96 58 3 34 65 53 68 1 38 17 66 41 19 95 70 6 35 60 7 56 76 99 75 86 83 8 9 94 33 12 69 63 37 78 46 79 23 88 31 16 80 24 81 4 50 27 97 84 51 2 40 18 74 57 11 14 61 92 62 20 25 32 29 67 82 48 91 90 72 36 54 28 30 39 59 43 89 87 21 45 5 49 71 44 73 93 77 64 98 15 55 85 10 
TEST 16 ARG:52 22 26 47 0 42 13 96 58 3 34 65 53 68 1 38 17 66 41 19 95 70 6 35 60 7 56 76 99 75 86 83 8 9 94 33 12 69 63 37 78 46 79 23 88 31 16 80 24 81 4 50 27 97 84 51 2 40 18 74 57 11 14 61 92 62 20 25 32 29 67 82 48 91 90 72 36 54 28 30 39 59 43 89 87 21 45 5 49 71 44 73 93 77 64 98 15 55 85 10 
TEST 17 ARG:13 5 33 34 83 39 42 46 89 54 50 24 20 97 69 70 64 19 40 29 1 38 21 17 23 32 88 67 26 78 81 41 52 55 6 76 22 71 15 82 61 91 85 49 75 28 59 27 45 51 8 30 95 47 18 65 73 62 72 99 98 11 16 92 31 79 37 86 96 0 3 84 68 63 77 74 57 58 94 90 80 60 7 48 56 12 93 44 87 14 53 36 43 9 10 25 66 35 4 2 
TEST 17 ARG:13 5 33 34 83 39 42 46 89 54 50 24 20 97 69 70 64 19 40 29 1 38 21 17 23 32 88 67 26 78 81 41 52 55 6 76 22 71 15 82 61 91 85 49 75 28 59 27 45 51 8 30 95 47 18 65 73 62 72 99 98 11 16 92 31 79 37 86 96 0 3 84 68 63 77 74 57 58 94 90 80 60 7 48 56 12 93 44 87 14 53 36 43 9 10 25 66 35 4 2 
TEST 18 ARG:12 66 48 93 21 20 47 33 99 9 6 50 52 3 57 49 34 95 83 1 15 89 24 41 71 59 86 16 88 28 81 10 78 64 30 65 22 32 40 68 72 67 23 43 73 56 27 54 42 94 11 60 18 76 51 74 96 5 75 17 44 58 35 61 36 90 85 69 38 46 45 55 7 2 53 4 26 70 39 63 0 14 84 19 82 97 62 37 77 79 31 87 25 29 80 92 13 98 8 91 
TEST 18 ARG:12 66 48 93 21 20 47 33 99 9 6 50 52 3 57 49 34 95 83 1 15 89 24 41 71 59 86 16 88 28 81 10 78 64 30 65 22 32 40 68 72 67 23 43 73 56 27 54 42 94 11 60 18 76 51 74 96 5 75 17 44 58 35 61 36 90 85 69 38 46 45 55 7 2 53 4 26 70 39 63 0 14 84 19 82 97 62 37 77 79 31 87 25 29 80 92 13 98 8 91 
TEST 19 ARG:81 65 0 58 64 37 72 17 46 30 28 77 1 35 88 92 70 78 51 67 8 27 59 9 7 40 69 22 56 68 39 43 12 48 18 53 33 24 38 84 16 14 75 42 89 96 34 63 13 60 57 55 76 25 52 10 11 45 79 66 82 44 61 32 80 29 2 97 4 41 94 49 20 93 62 90 83 74 19 23 99 71 86 5 50 36 73 85 31 47 3 95 54 15 26 87 21 98 6 91 
TEST 19 ARG:81 65 0 58 64 37 72 17 46 30 28 77 1 35 88 92 70 78 51 67 8 27 59 9 7 40 69 22 56 68 39 43 12 48 18 53 33 24 38 84 16 14 75 42 89 96 34 63 13 60 57 55 76 25 52 10 11 45 79 66 82 44 61 32 80 29 2 97 4 41 94 49 20 93 62 90 83 74 19 23 99 71 86 5 50 36 73 85 31 47 3 95 54 15 26 87 21 98 6 91 
TEST 20 ARG:87 91 12 46 53 6 17 61 38 76 22 98 56 39 29 69 4 96 45 68 19 89 35 43 11 28 51 62 88 92 14 33 3 99 83 82 5 79 52 40 63 73 42 25 9 32 34 24 16 20 67 37 72 7 94 84 21 65 57 13 0 70 54 44 27 41 18 47 49 36 97 8 1 30 95 71 90 80 2 77 81 60 10 75 55 59 85 74 48 86 64 31 58 50 23 93 15 26 78 66 
TEST 20 ARG:87 91 12 46 53 6 17 61 38 76 22 98 56 39 29 69 4 96 45 68 19 89 35 43 11 28 51 62 88 92 14 33 3 99 83 82 5 79 52 40 63 73 42 25 9 32 34 24 16 20 67 37 72 7 94 84 21 65 57 13 0 70 54 44 27 41 18 47 49 36 97 8 1 30 95 71 90 80 2 77 81 60 10 75 55 59 85 74 48 86 64 31 58 50 23 93 15 26 78 66 
TEST 21 ARG:89 30 26 74 62 31 54 76 86 8 93 14 95 18 78 88 71 55 90 98 99 69 28 17 67 51 6 7 46 58 36 77 94 9 52 35 38 33 73 13 27 53 5 64 16 29 80 15 42 1 43 40 60 21 87 70 75 32 57 24 48 39 4 92 85 61 91 84 10 25 19 11 63 59 2 65 82 34 44 97 22 68 56 66 81 20 0 47 23 37 12 3 72 96 83 41 45 79 50 49 
TEST 21 ARG:89 30 26 74 62 31 54 76 86 8 93 14 95 18 78 88 71 55 90 98 99 69 28 17 67 51 6 7 46 58 36 77 94 9 52 35 38 33 73 13 27 53 5 64 16 29 80 15 42 1 43 40 60 21 87 70 75 32 57 24 48 39 4 92 85 61 91 84 10 25 19 11 63 59 2 65 82 34 44 97 22 68 56 66 81 20 0 47 23 37 12 3 72 96 83 41 45 79 50 49 
TEST 22 ARG:99 57 61 94 59 69 14 68 98 40 44 13 12 83 90 26 47 2 34 52 96 67 5 55 7 53 56 79 16 41 73 0 76 45 43 93 63 21 28 17 11 54 92 8 24 86 19 70 35 49 62 36 3 39 97 78 37 72 30 29 84 31 65 91 82 33 46 88 58 80 20 42 18 4 25 87 95 51 38 9 60 85 22 15 71 48 81 23 6 89 64 27 77 75 32 10 66 50 74 1 
TEST 22 ARG:99 57 61 94 59 69 14 68 98 40 44 13 12 83 90 26 47 2 34 52 96 67 5 55 7 53 56 79 16 41 73 0 76 45 43 93 63 21 28 17 11 54 92 8 24 86 19 70 35 49 62 36 3 39 97 78 37 72 30 29 84 31 65 91 82 33 46 88 58 80 20 42 18 4 25 87 95 51 38 9 60 85 22 15 71 48 81 23 6 89 64 27 77 75 32 10 66 50 74 1 
TEST 23 ARG:72 0 56 90 32 54 43 71 52 85 60 87 5 45 93 41 70 89 1 57 55 92 7 96 77 37 10 91 79 46 35 15 16 84 58 18 66 47 9 25 62 20 75 8 30 19 69 73 67 98 48 49 95 99 21 11 3 83 50 27 26 61 81 17 22 97 76 80 14 12 38 31 88 24 39 42 64 74 23 40 53 94 78 34 4 65 33 28 82 68 63 2 13 29 36 44 86 59 6 51 
TEST 23 ARG:72 0 56 90 32 54 43 71 52 85 60 87 5 45 93 41 70 89 1 57 55 92 7 96 77 37 10 91 79 46 35 15 16 84 58 18 66 47 9 25 62 20 75 8 30 19 69 73 67 98 48 49 95 99 21 11 3 83 50 27 26 61 81 17 22 97 76 80 14 12 38 31 88 24 39 42 64 74 23 40 53 94 78 34 4 65 33 28 82 68 63 2 13 29 36 44 86 59 6 51 
TEST 24 ARG:99 41 53 32 56 51 13 77 73 7 55 67 8 94 42 40 31 43 10 60 63 61 71 95 76 90 44 62 18 88 66 21 82 2 98 35 22 17 92 46 36 72 93 0 27 79 1 34 87 65 54 19 64 69 57 3 50 6 47 20 24 14 9 49 91 59 4 78 86 16 25 45 70 15 52 39 75 30 80 28 12 96 37 5 68 83 23 58 85 74 11 48 33 89 38 97 29 84 26 81 
TEST 24 ARG:99 41 53 32 56 51 13 77 73 7 55 67 8 94 42 40 31 43 10 60 63 61 71 95 76 90 44 62 18 88 66 21 82 2 98 35 22 17 92 46 36 72 93 0 27 79 1 34 87 65 54 19 64 69 57 3 50 6 47 20 24 14 9 49 91 59 4 78 86 16 25 45 70 15 52 39 75 30 80 28 12 96 37 5 68 83 23 58 85 74 11 48 33 89 38 97 29 84 26 81 
TEST 25 ARG:20 48 62 96 69 71 1 26 12 16 30 66 95 46 42 93 17 4 56 53 47 11 77 84 45 21 64 59 28 35 91 67 24 49 2 81 63 61 8 58 13 74 60 10 70 32 99 9 34 36 85 41 78 73 22 18 88 15 76 52 29 37 97 5 92 3 39 87 72 65 50 33 23 7 19 44 90 54 57 86 94 25 75 31 38 89 51 6 14 80 55 27 0 82 68 83 98 43 40 79 
TEST 25 ARG:20 48 62 96 69 71 1 26 12 16 30 66 95 46 42 93 17 4 56 53 47 11 77 84 45 21 64 59 28 35 91 67 24 49 2 81 63 61 8 58 13 74 60 10 70 32 99 9 34 36 85 41 78 73 22 18 88 15 76 52 29 37 97 5 92 3 39 87 72 65 50 33 23 7 19 44 90 54 57 86 94 25 75 31 38 89 51 6 14 80 55 27 0 82 68 83 98 43 40 79 
TEST 26 ARG:86 46 92 42 78 32 68 97 93 65 98 69 48 62 54 63 67 24 18 30 4 37 8 7 15 1 0 17 36 40 87 35 9 33 81 23 85 26 60 13 31 77 58 47 25 19 73 53 51 75 90 82 96 66 43 95 28 94 45 64 41 38 6 99 70 12 3 29 59 21 52 34 74 76 80 11 56 83 57 27 22 10 55 39 84 44 89 71 91 20 50 49 2 79 16 88 61 14 72 5 
TEST 26 ARG:86 46 92 42 78 32 68 97 93 65 98 69 48 62 54 63 67 24 18 30 4 37 8 7 15 1 0 17 36 40 87 35 9 33 81 23 85 26 60 13 31 77 58 47 25 19 73 53 51 75 90 82 96 66 43 95 28 94 45 64 41 38 6 99 70 12 3 29 59 21 52 34 74 76 80 11 56 83 57 27 22 10 55 39 84 44 89 71 91 20 50 49 2 79 16 88 61 14 72 5 
TEST 27 ARG:37 20 83 1 70 49 5 48 35 26 47 4 75 32 22 95 27 40 11 76 88 57 71 21 78 3 99 2 29 90 14 45 7 16 74 52 69 28 30 59 81 79 97 96 38 6 55 23 63 94 10 13 12 17 33 34 93 58 67 85 54 68 92 9 24 39 44 72 19 36 0 65 62 61 42 18 64 80 43 82 60 86 98 53 73 46 87 50 41 77 31 25 15 91 56 51 8 84 89 66 
TEST 27 ARG:37 20 83 1 70 49 5 48 35 26 47 4 75 32 22 95 27 40 11 76 88 57 71 21 78 3 99 2 29 90 14 45 7 16 74 52 69 28 30 59 81 79 97 96 38 6 55 23 63 94 10 13 12 17 33 34 93 58 67 85 54 68 92 9 24 39 44 72 19 36 0 65 62 61 42 18 64 80 43 82 60 86 98 53 73 46 87 50 41 77 31 25 15 91 56 51 8 84 89 66 
TEST 28 ARG:22 80 30 5 69 57 51 95 31 65 63 59 26 78 0 68 41 85 62 81 46 73 72 25 77 83 20 19 93 52 48 42 24 67 2 54 74 94 70 79 17 11 1 64 99 43 76 98 71 32 37 53 50 55 16 35 7 18 90 21 44 4 39 13 75 56 40 47 12 14 27 66 89 92 3 60 45 61 36 28 33 6 87 86 88 15 96 10 23 58 29 49 84 34 97 91 9 82 8 38 
TEST 28 ARG:22 80 30 5 69 57 51 95 31 65 63 59 26 78 0 68 41 85 62 81 46 73 72 25 77 83 20 19 93 52 48 42 24 67 2 54 74 94 70 79 17 11 1 64 99 43 76 98 71 32 37 53 50 55 16 35 7 18 90 21 44 4 39 13 75 56 40 47 12 14 27 66 89 92 3 60 45 61 36 28 33 6 87 86 88 15 96 10 23 58 29 49 84 34 97 91 9 82 8 38 
TEST 29 ARG:82 97 12 53 69 58 78 10 64 83 26 86 84 89 77 95 51 94 80 6 42 52 91 60 4 55 28 62 93 35 85 74 66 3 46 43 27 38 76 33 59 75 16 88 61 98 57 47 9 31 18 99 7 49 23 19 72 87 73 25 13 50 79 2 67 54 21 8 41 20 96 45 70 40 44 92 1 37 68 56 39 48 71 65 90 36 11 17 22 81 15 0 14 5 29 32 30 63 34 24 
TEST 29 ARG:82 97 12 53 69 58 78 10 64 83 26 86 84 89 77 95 51 94 80 6 42 52 91 60 4 55 28 62 93 35 85 74 66 3 46 43 27 38 76 33 59 75 16 88 61 98 57 47 9 31 18 99 7 49 23 19 72 87 73 25 13 50 79 2 67 54 21 8 41 20 96 45 70 40 44 92 1 37 68 56 39 48 71 65 90 36 11 17 22 81 15 0 14 5 29 32 30 63 34 24 
TEST 30 ARG:29 53 73 82 62 59 50 45 39 19 93 46 43 98 55 31 14 92 65 67 47 10 57 9 26 91 70 81 30 1 27 48 69 76 32 52 42 5 89 87 63 6 74 84 58 68 22 11 99 66 21 64 85 3 77 94 12 72 56 8 95 18 49 17 15 61 80 97 33 54 4 88 90 34 40 28 96 75 71 2 41 20 23 60 36 79 13 86 16 37 35 25 24 51 78 0 44 7 83 38 
TEST 30 ARG:29 53 73 82 62 59 50 45 39 19 93 46 43 98 55 31 14 92 65 67 47 10 57 9 26 91 70 81 30 1 27 48 69 76 32 52 42 5 89 87 63 6 74 84 58 68 22 11 99 66 21 64 85 3 77 94 12 72 56 8 95 18 49 17 15 61 80 97 33 54 4 88 90 34 40 28 96 75 71 2 41 20 23 60 36 79 13 86 16 37 35 25 24 51 78 0 44 7 83 38 
TEST 31 ARG:61 15 2 66 59 3 98 19 81 4 43 16 79 47 56 90 88 13 73 71 0 12 83 84 69 24 29 7 1 92 40 36 64 87 45 37 78 6 72 28 14 10 63 21 55 93 42 67 74 86 53 9 11 80 23 44 39 94 97 32 27 62 30 65 75 77 35 51 68 5 31 18 26 41 17 89 8 57 96 48 50 54 38 25 91 70 99 34 20 52 76 85 49 22 58 46 95 33 82 60 
TEST 31 ARG:61 15 2 66 59 3 98 19 81 4 43 16 79 47 56 90 88 13 73 71 0 12 83 84 69 24 29 7 1 92 40 36 64 87 45 37 78 6 72 28 14 10 63 21 55 93 42 67 74 86 53 9 11 80 23 44 39 94 97 32 27 62 30 65 75 77 35 51 68 5 31 18 26 41 17 89 8 57 96 48 50 54 38 25 91 70 99 34 20 52 76 85 49 22 58 46 95 33 82 60 
TEST 32 ARG:73 75 24 95 30 2 34 55 37 58 90 8 81 16 61 12 89 60 19 79 59 41 76 51 87 21 62 91 11 70 53 52 10 63 36 40 56 66 74 65 97 35 82 43 14 50 25 29 3 84 26 92 98 44 28 33 13 32 71 45 80 42 93 7 31 96 22 23 57 77 1 27 17 5 86 78 64 4 85 18 20 39 46 6 69 94 49 67 47 15 48 68 9 38 72 0 83 99 54 88 
TEST 32 ARG:73 75 24 95 30 2 34 55 37 58 90 8 81 16 61 12 89 60 19 79 59 41 76 51 87 21 62 91 11 70 53 52 10 63 36 40 56 66 74 65 97 35 82 43 14 50 25 29 3 84 26 92 98 44 28 33 13 32 71 45 80 42 93 7 31 96 22 23 57 77 1 27 17 5 86 78 64 4 85 18 20 39 46 6 69 94 49 67 47 15 48 68 9 38 72 0 83 99 54 88 
TEST 33 ARG:52 39 25 92 5 22 77 55 41 10 65 72 62 7 42 19 68 80 88 20 63 33 54 48 87 29 75 67 17 61 15 1 32 47 90 30 97 31 98 44 94 58 36 13 69 0 12 18 38 57 84 2 51 96 40 24 21 71 73 95 85 49 50 99 60 82 78 86 34 83 43 35 66 9 37 74 64 46 91 56 81 89 8 93 59 28 27 26 6 4 3 14 11 16 76 70 45 53 23 79 
TEST 33 ARG:52 39 25 92 5 22 77 55 41 10 65 72 62 7 42 19 68 80 88 20 63 33 54 48 87 29 75 67 17 61 15 1 32 47 90 30 97 31 98 44 94 58 36 13 69 0 12 18 38 57 84 2 51 96 40 24 21 71 73 95 85 49 50 99 60 82 78 86 34 83 43 35 66 9 37 74 64 46 91 56 81 89 8 93 59 28 27 26 6 4 3 14 11 16 76 70 45 53 23 79 
TEST 34 ARG:64 37 89 34 92 40 85 29 67 22 65 63 47 42 55 30 81 54 13 73 87 74 53 36 98 35 12 72 56 5 93 61 16 1 95 27 59 19 0 21 57 52 90 94 62 97 24 15 45 83 17 9 69 84 44 66 49 26 10 2 8 82 68 38 11 78 86 99 80 4 91 25 14 71 39 41 46 60 48 79 28 75 58 70 33 7 6 32 88 51 43 77 20 3 50 31 18 96 76 23 
TEST 34 ARG:64 37 89 34 92 40 85 29 67 22 65 63 47 42 55 30 81 54 13 73 87 74 53 36 98 35 12 72 56 5 93 61 16 1 95 27 59 19 0 21 57 52 90 94 62 97 24 15 45 83 17 9 69 84 44 66 49 26 10 2 8 82 68 38 11 78 86 99 80 4 91 25 14 71 39 41 46 60 48 79 28 75 58 70 33 7 6 32 88 51 43 77 20 3 50 31 18 96 76 23 
TEST 35 ARG:61 63 59 86 82 56 19 14 27 92 31 75 10 84 99 34 26 73 89 5 39 3 47 41 2 58 11 81 57 54 30 95 87 42 96 40 50 12 53 83 13 24 36 20 16 22 25 28 64 60 44 21 4 6 29 49 46 8 76 18 62 70 1 15 33 66 52 93 72 90 55 71 51 80 65 43 37 94 97 85 38 7 48 79 74 17 91 68 78 98 77 0 67 35 32 9 23 69 45 88 
TEST 35 ARG:61 63 59 86 82 56 19 14 27 92 31 75 10 84 99 34 26 73 89 5 39 3 47 41 2 58 11 81 57 54 30 95 87 42 96 40 50 12 53 83 13 24 36 20 16 22 25 28 64 60 44 21 4 6 29 49 46 8 76 18 62 70 1 15 33 66 52 93 72 90 55 71 51 80 65 43 37 94 97 85 38 7 48 79 74 17 91 68 78 98 77 0 67 35 32 9 23 69 45 88 
TEST 36 ARG:8 64 12 11 80 70 95 84 85 82 94 0 65 37 14 78 56 87 59 55 23 47 5 3 4 15 19 69 88 43 41 90 73 91 93 16 79 7 2 68 74 86 44 62 92 57 39 54 10 49 99 52 45 25 29 60 38 33 89 24 30 20 53 42 1 36 35 22 6 21 72 83 76 31 98 61 58 27 17 18 40 75 96 46 26 63 13 67 50 48 32 81 66 9 71 77 97 51 28 34 
TEST 36 ARG:8 64 12 11 80 70 95 84 85 82 94 0 65 37 14 78 56 87 59 55 23 47 5 3 4 15 19 69 88 43 41 90 73 91 93 16 79 7 2 68 74 86 44 62 92 57 39 54 10 49 99 52 45 25 29 60 38 33 89 24 30 20 53 42 1 36 35 22 6 21 72 83 76 31 98 61 58 27 17 18 40 75 96 46 26 63 13 67 50 48 32 81 66 9 71 77 97 51 28 34 
TEST 37 ARG:97 28 98 75 9 78 59 87 25 46 65 80 35 39 68 92 20 56 32 73 44 15 5 38 41 62 88 67 3 50 54 37 8 76 48 91 86 19 17 71 85 31 55 66 1 23 51 21 14 6 53 84 82 58 26 30 13 99 0 24 60 11 57 42 33 40 94 81 47 74 22 18 63 34 4 64 77 83 96 10 70 69 49 29 95 72 27 61 52 36 90 93 45 7 16 12 79 89 43 2 
TEST 37 ARG:97 28 98 75 9 78 59 87 25 46 65 80 35 39 68 92 20 56 32 73 44 15 5 38 41 62 88 67 3 50 54 37 8 76 48 91 86 19 17 71 85 31 55 66 1 23 51 21 14 6 53 84 82 58 26 30 13 99 0 24 60 11 57 42 33 40 94 81 47 74 22 18 63 34 4 64 77 83 96 10 70 69 49 29 95 72 27 61 52 36 90 93 45 7 16 12 79 89 43 2 
TEST 38 ARG:98 67 95 17 85 9 69 13 91 90 37 11 12 65 32 1 97 86 92 40 77 25 39 30 5 52 23 48 72 70 68 18 53 60 63 64 96 27 93 62 2 73 51 50 76 47 55 75 0 16 81 57 3 43 66 45 79 78 84 22 24 41 74 59 15 88 71 21 35 56 6 89 80 99 26 94 58 34 10 42 19 31 29 61 36 49 38 44 54 33 4 82 28 7 20 8 87 46 14 83 
TEST 38 ARG:98 67 95 17 85 9 69 13 91 90 37 11 12 65 32 1 97 86 92 40 77 25 39 30 5 52 23 48 72 70 68 18 53 60 63 64 96 27 93 62 2 73 51 50 76 47 55 75 0 16 81 57 3 43 66 45 79 78 84 22 24 41 74 59 15 88 71 21 35 56 6 89 80 99 26 94 58 34 10 42 19 31 29 61 36 49 38 44 54 33 4 82 28 7 20 8 87 46 14 83 
TEST 39 ARG:89 25 28 6 98 5 80 86 18 72 50 21 2 68 97 10 54 32 48 70 42 38 26 78 57 87 39 4 47 53 73 34 55 24 69 40 14 33 27 99 19 95 76 43 82 63 91 74 29 22 0 79 77 96 64 17 36 59 8 52 44 93 88 83 20 12 3 15 71 1 62 61 7 75 60 49 51 9 46 16 31 92 45 94 41 35 56 66 85 90 37 30 13 84 81 23 58 65 11 67 
TEST 39 ARG:89 25 28 6 98 5 80 86 18 72 50 21 2 68 97 10 54 32 48 70 42 38 26 78 57 87 39 4 47 53 73 34 55 24 69 40 14 33 27 99 19 95 76 43 82 63 91 74 29 22 0 79 77 96 64 17 36 59 8 52 44 93 88 83 20 12 3 15 71 1 62 61 7 75 60 49 51 9 46 16 31 92 45 94 41 35 56 66 85 90 37 30 13 84 81 23 58 65 11 67 
TEST 40 ARG:32 29 46 63 49 51 48 91 45 70 0 72 42 47 98 83 17 71 87 62 13 27 55 16 35 56 79 14 64 31 90 68 38 82 77 41 69 76 23 7 20 24 10 39 60 57 96 80 18 37 44 34 8 93 50 59 36 22 54 65 43 85 1 99 26 2 33 67 5 78 75 30 97 21 40 52 3 25 88 94 9 12 89 15 81 4 84 19 74 95 28 58 6 92 73 86 53 66 11 61 
TEST 40 ARG:32 29 46 63 49 51 48 91 45 70 0 72 42 47 98 83 17 71 87 62 13 27 55 16 35 56 79 14 64 31 90 68 38 82 77 41 69 76 23 7 20 24 10 39 60 57 96 80 18 37 44 34 8 93 50 59 36 22 54 65 43 85 1 99 26 2 33 67 5 78 75 30 97 21 40 52 3 25 88 94 9 12 89 15 81 4 84 19 74 95 28 58 6 92 73 86 53 66 11 61 
TEST 41 ARG:29 74 91 62 16 63 2 35 76 93 75 48 73 69 50 38 8 17 7 21 45 95 12 33 66 59 92 9 80 25 26 0 58 56 15 97 52 55 1 70 23 22 88 64 24 51 41 49 31 77 46 34 60 18 78 85 6 71 32 72 54 14 11 20 83 89 79 65 28 57 3 90 43 39 37 5 67 19 87 44 61 4 27 10 30 99 40 82 13 36 94 81 96 86 42 53 98 47 84 68 
TEST 41 ARG:29 74 91 62 16 63 2 35 76 93 75 48 73 69 50 38 8 17 7 21 45 95 12 33 66 59 92 9 80 25 26 0 58 56 15 97 52 55 1 70 23 22 88 64 24 51 41 49 31 77 46 34 60 18 78 85 6 71 32 72 54 14 11 20 83 89 79 65 28 57 3 90 43 39 37 5 67 19 87 44 61 4 27 10 30 99 40 82 13 36 94 81 96 86 42 53 98 47 84 68 
TEST 42 ARG:64 12 26 2 88 51 27 61 39 80 30 17 52 73 46 90 25 97 79 14 41 96 32 68 24 98 29 47 92 50 82 70 69 62 21 18 77 53 16 23 54 22 58 94 66 72 7 76 48 49 56 83 11 9 28 81 99 38 20 85 13 71 36 43 75 0 3 35 10 55 4 84 8 87 95 59 34 19 31 40 57 65 33 78 45 42 93 37 91 1 5 6 63 44 60 86 89 15 74 67 
TEST 42 ARG:64 12 26 2 88 51 27 61 39 80 30 17 52 73 46 90 25 97 79 14 41 96 32 68 24 98 29 47 92 50 82 70 69 62 21 18 77 53 16 23 54 22 58 94 66 72 7 76 48 49 56 83 11 9 28 81 99 38 20 85 13 71 36 43 75 0 3 35 10 55 4 84 8 87 95 59 34 19 31 40 57 65 33 78 45 42 93 37 91 1 5 6 63 44 60 86 89 15 74 67 
TEST 43 ARG:83 61 35 56 25 99 68 75 63 96 64 47 53 85 44 87 40 1 34 76 69 84 32 11 16 14 13 49 78 79 65 4 27 6 59 36 42 72 0 50 19 88 31 17 52 5 67 26 38 93 74 58 46 97 51 39 8 77 81 94 21 71 66 22 55 54 89 20 41 45 90 82 33 70 28 9 91 95 57 12 86 2 30 48 80 98 10 15 37 60 23 29 18 43 73 62 24 3 7 92 
TEST 43 ARG:83 61 35 56 25 99 68 75 63 96 64 47 53 85 44 87 40 1 34 76 69 84 32 11 16 14 13 49 78 79 65 4 27 6 59 36 42 72 0 50 19 88 31 17 52 5 67 26 38 93 74 58 46 97 51 39 8 77 81 94 21 71 66 22 55 54 89 20 41 45 90 82 33 70 28 9 91 95 57 12 86 2 30 48 80 98 10 15 37 60 23 29 18 43 73 62 24 3 7 92 
TEST 44 ARG:78 69 2 62 27 51 25 16 34 53 45 36 84 77 22 58 88 97 92 61 82 66 76 18 23 55 31 99 4 86 74 11 26 1 7 33 20 52 73 71 10 14 15 65 56 28 91 24 96 48 64 80 44 35 54 40 87 93 5 57 75 30 63 68 47 90 12 60 98 13 72 37 43 8 67 32 21 19 94 17 39 3 85 70 41 29 83 38 79 81 49 59 9 50 0 95 6 46 42 89 
TEST 44 ARG:78 69 2 62 27 51 25 16 34 53 45 36 84 77 22 58 88 97 92 61 82 66 76 18 23 55 31 99 4 86 74 11 26 1 7 33 20 52 73 71 10 14 15 65 56 28 91 24 96 48 64 80 44 35 54 40 87 93 5 57 75 30 63 68 47 90 12 60 98 13 72 37 43 8 67 32 21 19 94 17 39 3 85 70 41 29 83 38 79 81 49 59 9 50 0 95 6 46 42 89 
TEST 45 ARG:48 93 11 26 67 75 33 65 5 8 16 69 52 79 35 40 92 87 0 25 97 83 14 29 21 70 41 56 58 55 32 38 84 12 24 17 39 4 68 42 28 13 61 96 2 81 74 3 45 94 27 22 18 15 34 82 91 73 85 49 6 80 95 64 50 54 53 47 44 51 89 90 78 60 71 23 66 46 57 98 62 88 63 19 76 10 59 72 86 9 7 30 37 20 99 43 36 77 31 1 
TEST 45 ARG:48 93 11 26 67 75 33 65 5 8 16 69 52 79 35 40 92 87 0 25 97 83 14 29 21 70 41 56 58 55 32 38 84 12 24 17 39 4 68 42 28 13 61 96 2 81 74 3 45 94 27 22 18 15 34 82 91 73 85 49 6 80 95 64 50 54 53 47 44 51 89 90 78 60 71 23 66 46 57 98 62 88 63 19 76 10 59 72 86 9 7 30 37 20 99 43 36 77 31 1 
TEST 46 ARG:22 72 5 83 93 44 87 96 84 69 62 81 34 47 58 86 53 8 59 24 19 68 25 50 14 82 54 61 43 39 90 89 3 12 4 88 13 76 36 35 18 40 66 55 67 27 79 49 30 98 15 99 51 92 70 23 11 46 26 74 0 95 48 29 31 6 60 33 56 45 85 32 63 37 65 10 80 20 17 94 21 77 38 78 71 91 57 97 64 2 41 73 1 42 52 75 7 16 9 28 
TEST 46 ARG:22 72 5 83 93 44 87 96 84 69 62 81 34 47 58 86 53 8 59 24 19 68 25 50 14 82 54 61 43 39 90 89 3 12 4 88 13 76 36 35 18 40 66 55 67 27 79 49 30 98 15 99 51 92 70 23 11 46 26 74 0 95 48 29 31 6 60 33 56 45 85 32 63 37 65 10 80 20 17 94 21 77 38 78 71 91 57 97 64 2 41 73 1 42 52 75 7 16 9 28 
TEST 47 ARG:48 88 76 23 77 9 47 26 67 6 24 19 56 75 92 37 27 16 33 51 62 13 36 20 42 22 74 43 72 35 14 21 80 34 49 53 54 61 85 10 79 32 7 41 2 25 98 52 1 50 3 70 55 91 83 99 45 58 28 81 66 5 63 8 60 86 30 29 31 95 12 0 11 4 65 15 59 68 39 94 90 17 84 73 64 82 46 38 44 18 40 93 97 89 71 57 78 96 87 69 
TEST 47 ARG:48 88 76 23 77 9 47 26 67 6 24 19 56 75 92 37 27 16 33 51 62 13 36 20 42 22 74 43 72 35 14 21 80 34 49 53 54 61 85 10 79 32 7 41 2 25 98 52 1 50 3 70 55 91 83 99 45 58 28 81 66 5 63 8 60 86 30 29 31 95 12 0 11 4 65 15 59 68 39 94 90 17 84 73 64 82 46 38 44 18 40 93 97 89 71 57 78 96 87 69 
TEST 48 ARG:74 49 3 43 56 12 46 15 16 52 28 7 6 24 38 85 32 30 57 82 55 4 29 48 35 42 87 90 75 39 40 41 81 5 33 71 53 37 60 45 91 88 98 54 18 62 68 2 89 17 23 67 25 31 80 76 26 1 93 51 94 0 59 63 69 14 61 86 92 21 19 73 96 11 78 83 72 79 27 99 10 34 47 95 13 66 20 44 9 70 22 58 8 36 64 50 84 65 77 97 
TEST 48 ARG:74 49 3 43 56 12 46 15 16 52 28 7 6 24 38 85 32 30 57 82 55 4 29 48 35 42 87 90 75 39 40 41 81 5 33 71 53 37 60 45 91 88 98 54 18 62 68 2 89 17 23 67 25 31 80 76 26 1 93 51 94 0 59 63 69 14 61 86 92 21 19 73 96 11 78 83 72 79 27 99 10 34 47 95 13 66 20 44 9 70 22 58 8 36 64 50 84 65 77 97 
TEST 49 ARG:87 70 19 79 22 73 47 34 77 6 99 27 82 75 28 11 20 88 3 86 8 61 31 41 94 13 57 83 95 46 23 2 43 5 59 74 67 16 33 25 14 58 49 18 32 37 52 39 63 62 50 30 90 68 91 7 84 92 24 10 53 26 35 97 72 56 40 21 51 93 71 80 64 66 45 78 89 29 65 55 1 54 69 38 15 85 81 76 42 60 96 0 12 44 98 17 9 36 4 48 
TEST 49 ARG:87 70 19 79 22 73 47 34 77 6 99 27 82 75 28 11 20 88 3 86 8 61 31 41 94 13 57 83 95 46 23 2 43 5 59 74 67 16 33 25 14 58 49 18 32 37 52 39 63 62 50 30 90 68 91 7 84 92 24 10 53 26 35 97 72 56 40 21 51 93 71 80 64 66 45 78 89 29 65 55 1 54 69 38 15 85 81 76 42 60 96 0 12 44 98 17 9 36 4 48 
TEST 50 ARG:91 6 77 17 11 25 52 84 76 61 1 47 22 37 14 48 18 81 19 4 56 29 10 24 43 32 98 36 83 0 87 57 64 41 50 89 93 23 2 90 35 8 75 44 96 58 3 69 65 27 72 40 13 49 82 86 33 71 95 53 97 88 51 94 26 66 73 7 54 38 99 30 74 59 34 42 67 9 45 92 60 12 46 62 78 79 31 5 68 21 16 80 39 70 15 28 55 20 85 63 
TEST 50 ARG:91 6 77 17 11 25 52 84 76 61 1 47 22 37 14 48 18 81 19 4 56 29 10 24 43 32 98 36 83 0 87 57 64 41 50 89 93 23 2 90 35 8 75 44 96 58 3 69 65 27 72 40 13 49 82 86 33 71 95 53 97 88 51 94 26 66 73 7 54 38 99 30 74 59 34 42 67 9 45 92 60 12 46 62 78 79 31 5 68 21 16 80 39 70 15 28 55 20 85 63 
TEST 51 ARG:18 51 44 13 88 94 82 32 1 89 7 95 36 55 19 46 69 75 45 26 83 3 15 10 63 38 85 99 9 16 58 96 50 29 90 57 92 22 81 67 40 2 59 84 78 66 65 70 74 21 0 60 34 54 48 14 86 39 77 17 41 87 47 91 80 8 93 56 11 42 27 79 12 28 97 64 6 23 76 52 61 71 24 68 30 35 43 49 62 5 53 37 73 20 4 31 33 25 72 98 
TEST 51 ARG:18 51 44 13 88 94 82 32 1 89 7 95 36 55 19 46 69 75 45 26 83 3 15 10 63 38 85 99 9 16 58 96 50 29 90 57 92 22 81 67 40 2 59 84 78 66 65 70 74 21 0 60 34 54 48 14 86 39 77 17 41 87 47 91 80 8 93 56 11 42 27 79 12 28 97 64 6 23 76 52 61 71 24 68 30 35 43 49 62 5 53 37 73 20 4 31 33 25 72 98 
TEST 52 ARG:44 55 88 29 90 0 38 7 45 19 82 96 53 74 31 69 54 48 42 39 1 17 4 50 14 99 12 92 76 77 6 80 60 11 73 36 24 75 27 35 26 84 52 91 40 97 87 33 57 37 56 30 79 66 62 10 58 64 23 78 16 8 72 3 61 51 59 41 46 18 65 28 49 83 32 21 71 81 89 70 93 20 86 94 95 67 15 47 2 22 34 98 13 25 63 5 85 9 43 68 
TEST 52 ARG:44 55 88 29 90 0 38 7 45 19 82 96 53 74 31 69 54 48 42 39 1 17 4 50 14 99 12 92 76 77 6 80 60 11 73 36 24 75 27 35 26 84 52 91 40 97 87 33 57 37 56 30 79 66 62 10 58 64 23 78 16 8 72 3 61 51 59 41 46 18 65 28 49 83 32 21 71 81 89 70 93 20 86 94 95 67 15 47 2 22 34 98 13 25 63 5 85 9 43 68 
TEST 53 ARG:60 15 21 78 3 56 65 68 99 27 11 2 85 83 84 54 22 38 35 19 13 29 8 0 37 90 97 49 17 18 24 47 39 44 6 61 33 67 25 41 77 73 16 32 46 7 40 82 5 92 87 10 45 98 79 28 96 55 80 53 91 14 43 69 42 1 9 26 70 52 66 31 59 4 12 89 48 36 95 72 93 57 94 75 34 63 74 58 88 64 50 76 81 23 51 30 20 62 71 86 
TEST 53 ARG:60 15 21 78 3 56 65 68 99 27 11 2 85 83 84 54 22 38 35 19 13 29 8 0 37 90 97 49 17 18 24 47 39 44 6 61 33 67 25 41 77 73 16 32 46 7 40 82 5 92 87 10 45 98 79 28 96 55 80 53 91 14 43 69 42 1 9 26 70 52 66 31 59 4 12 89 48 36 95 72 93 57 94 75 34 63 74 58 88 64 50 76 81 23 51 30 20 62 71 86 
TEST 54 ARG:81 0 66 40 67 85 39 57 10 74 16 93 68 29 22 35 13 61 69 98 2 56 49 21 86 8 70 19 44 36 11 37 17 65 63 91 95 41 27 73 82 50 34 24 87 60 3 48 30 89 59 97 72 80 62 15 96 90 23 83 38 25 78 32 14 12 7 33 94 54 71 9 1 45 53 26 84 58 18 99 64 51 92 31 55 6 4 46 76 47 5 52 79 20 42 75 77 28 43 88 
TEST 54 ARG:81 0 66 40 67 85 39 57 10 74 16 93 68 29 22 35 13 61 69 98 2 56 49 21 86 8 70 19 44 36 11 37 17 65 63 91 95 41 27 73 82 50 34 24 87 60 3 48 30 89 59 97 72 80 62 15 96 90 23 83 38 25 78 32 14 12 7 33 94 54 71 9 1 45 53 26 84 58 18 99 64 51 92 31 55 6 4 46 76 47 5 52 79 20 42 75 77 28 43 88 
TEST 55 ARG:11 27 39 84 85 15 2 9 93 96 36 34 98 1 7 65 13 17 86 89 92 55 61 4 20 62 35 54 49 43 18 78 77 59 24 97 31 99 3 46 80 91 37 88 42 74 21 30 70 94 66 32 51 87 75 19 71 50 28 0 48 12 23 29 26 52 90 40 8 38 33 60 73 68 25 14 79 56 41 67 44 22 76 82 16 45 95 63 57 58 10 64 53 72 47 6 83 5 81 69 
TEST 55 ARG:11 27 39 84 85 15 2 9 93 96 36 34 98 1 7 65 13 17 86 89 92 55 61 4 20 62 35 54 49 43 18 78 77 59 24 97 31 99 3 46 80 91 37 88 42 74 21 30 70 94 66 32 51 87 75 19 71 50 28 0 48 12 23 29 26 52 90 40 8 38 33 60 73 68 25 14 79 56 41 67 44 22 76 82 16 45 95 63 57 58 10 64 53 72 47 6 83 5 81 69 
TEST 56 ARG:82 67 33 93 78 13 51 4 18 61 87 89 76 98 25 3 80 65 90 23 35 21 43 83 42 50 52 94 58 96 5 71 14 85 74 8 70 30 48 17 16 15 38 84 10 59 27 92 20 39 29 64 69 11 73 41 24 34 63 2 88 7 91 81 19 95 60 9 54 49 6 40 44 28 79 31 32 66 57 99 72 22 55 53 56 46 62 77 47 37 86 36 45 68 75 97 12 0 26 1 
TEST 56 ARG:82 67 33 93 78 13 51 4 18 61 87 89 76 98 25 3 80 65 90 23 35 21 43 83 42 50 52 94 58 96 5 71 14 85 74 8 70 30 48 17 16 15 38 84 10 59 27 92 20 39 29 64 69 11 73 41 24 34 63 2 88 7 91 81 19 95 60 9 54 49 6 40 44 28 79 31 32 66 57 99 72 22 55 53 56 46 62 77 47 37 86 36 45 68 75 97 12 0 26 1 
TEST 57 ARG:8 50 31 43 78 91 21 99 35 55 23 24 83 82 61 10 40 58 87 77 11 18 27 89 34 7 36 76 63 98 22 37 2 68 32 86 33 44 1 28 19 25 56 47 29 54 60 65 26 59 12 93 92 5 95 96 41 16 17 39 15 80 79 46 73 14 94 9 48 52 88 75 6 85 42 4 74 69 90 64 66 84 13 3 71 70 45 97 67 72 0 30 20 62 57 49 51 53 38 81 
TEST 57 ARG:8 50 31 43 78 91 21 99 35 55 23 24 83 82 61 10 40 58 87 77 11 18 27 89 34 7 36 76 63 98 22 37 2 68 32 86 33 44 1 28 19 25 56 47 29 54 60 65 26 59 12 93 92 5 95 96 41 16 17 39 15 80 79 46 73 14 94 9 48 52 88 75 6 85 42 4 74 69 90 64 66 84 13 3 71 70 45 97 67 72 0 30 20 62 57 49 51 53 38 81 
TEST 58 ARG:27 97 0 32 65 53 5 78 88 89 68 40 24 30 79 54 2 9 34 39 59 16 82 62 91 44 38 31 43 52 60 55 64 69 6 56 70 42 93 21 98 14 84 58 8 74 11 46 37 29 73 71 26 85 57 25 17 35 87 96 10 76 77 50 13 49 83 19 99 15 22 45 92 72 28 67 86 12 80 81 1 36 61 33 63 4 94 3 18 66 95 20 47 41 7 51 23 48 75 90 
TEST 58 ARG:27 97 0 32 65 53 5 78 88 89 68 40 24 30 79 54 2 9 34 39 59 16 82 62 91 44 38 31 43 52 60 55 64 69 6 56 70 42 93 21 98 14 84 58 8 74 11 46 37 29 73 71 26 85 57 25 17 35 87 96 10 76 77 50 13 49 83 19 99 15 22 45 92 72 28 67 86 12 80 81 1 36 61 33 63 4 94 3 18 66 95 20 47 41 7 51 23 48 75 90 
TEST 59 ARG:84 17 5 8 56 94 63 50 89 48 4 39 35 34 98 45 67 0 97 9 68 91 21 65 20 69 16 13 79 58 10 70 87 75 90 31 78 80 53 82 95 11 26 32 36 49 73 40 66 44 23 22 12 61 62 57 77 37 52 86 60 30 92 27 3 81 51 38 99 18 71 59 25 72 42 33 96 55 2 29 15 24 83 7 88 43 6 19 41 28 64 14 54 1 74 47 85 76 93 46 
TEST 59 ARG:84 17 5 8 56 94 63 50 89 48 4 39 35 34 98 45 67 0 97 9 68 91 21 65 20 69 16 13 79 58 10 70 87 75 90 31 78 80 53 82 95 11 26 32 36 49 73 40 66 44 23 22 12 61 62 57 77 37 52 86 60 30 92 27 3 81 51 38 99 18 71 59 25 72 42 33 96 55 2 29 15 24 83 7 88 43 6 19 41 28 64 14 54 1 74 47 85 76 93 46 
TEST 60 ARG:64 42 82 3 57 28 40 84 65 21 79 97 87 1 6 12 70 62 93 15 69 63 18 67 91 0 96 60 77 83 23 22 37 41 54 89 61 39 36 49 10 45 68 75 19 51 99 31 86 26 50 76 81 94 80 20 72 43 30 16 46 34 27 11 73 14 5 2 13 8 92 25 59 35 53 78 74 90 85 32 95 24 4 47 7 66 55 52 29 71 44 9 48 56 33 98 17 38 58 88 
TEST 60 ARG:64 42 82 3 57 28 40 84 65 21 79 97 87 1 6 12 70 62 93 15 69 63 18 67 91 0 96 60 77 83 23 22 37 41 54 89 61 39 36 49 10 45 68 75 19 51 99 31 86 26 50 76 81 94 80 20 72 43 30 16 46 34 27 11 73 14 5 2 13 8 92 25 59 35 53 78 74 90 85 32 95 24 4 47 7 66 55 52 29 71 44 9 48 56 33 98 17 38 58 88 
TEST 61 ARG:35 15 40 45 53 34 88 62 86 71 38 5 44 56 1 12 43 80 64 32 58 36 28 17 57 29 0 55 94 78 11 69 59 47 51 79 52 54 77 6 31 97 46 21 63 61 8 41 98 22 30 85 89 19 99 75 18 7 96 50 9 65 48 81 90 10 39 67 83 25 20 92 37 72 95 68 87 24 91 27 84 93 16 74 42 82 73 3 2 49 70 66 33 76 13 4 60 14 26 23 
TEST 61 ARG:35 15 40 45 53 34 88 62 86 71 38 5 44 56 1 12 43 80 64 32 58 36 28 17 57 29 0 55 94 78 11 69 59 47 51 79 52 54 77 6 31 97 46 21 63 61 8 41 98 22 30 85 89 19 99 75 18 7 96 50 9 65 48 81 90 10 39 67 83 25 20 92 37 72 95 68 87 24 91 27 84 93 16 74 42 82 73 3 2 49 70 66 33 76 13 4 60 14 26 23 
TEST 62 ARG:51 49 20 40 66 68 30 75 7 15 27 35 47 13 19 16 73 81 0 42 36 5 21 31 44 8 14 74 43 62 1 78 70 45 89 94 50 90 76 67 52 3 32 64 57 72 59 83 37 71 33 29 96 54 86 17 93 61 10 18 98 34 65 79 80 53 48 24 87 84 41 92 12 82 46 95 91 39 55 77 99 58 28 26 63 4 2 60 38 88 22 6 11 25 97 69 56 23 9 85 
TEST 62 ARG:51 49 20 40 66 68 30 75 7 15 27 35 47 13 19 16 73 81 0 42 36 5 21 31 44 8 14 74 43 62 1 78 70 45 89 94 50 90 76 67 52 3 32 64 57 72 59 83 37 71 33 29 96 54 86 17 93 61 10 18 98 34 65 79 80 53 48 24 87 84 41 92 12 82 46 95 91 39 55 77 99 58 28 26 63 4 2 60 38 88 22 6 11 25 97 69 56 23 9 85 
TEST 63 ARG:24 32 15 41 73 6 62 16 61 50 43 26 98 46 75 2 35 8 20 51 79 9 49 90 48 92 91 12 47 99 34 3 68 58 71 0 60 21 7 29 14 36 65 54 63 18 22 53 31 78 97 77 93 66 81 82 85 67 52 76 59 38 69 83 96 95 88 80 30 45 5 23 84 56 13 40 70 1 17 64 55 37 57 33 86 74 19 27 25 28 11 44 72 10 89 42 39 4 87 94 
TEST 63 ARG:24 32 15 41 73 6 62 16 61 50 43 26 98 46 75 2 35 8 20 51 79 9 49 90 48 92 91 12 47 99 34 3 68 58 71 0 60 21 7 29 14 36 65 54 63 18 22 53 31 78 97 77 93 66 81 82 85 67 52 76 59 38 69 83 96 95 88 80 30 45 5 23 84 56 13 40 70 1 17 64 55 37 57 33 86 74 19 27 25 28 11 44 72 10 89 42 39 4 87 94 
TEST 64 ARG:41 29 85 2 83 53 86 51 84 91 61 59 70 57 24 46 75 40 58 6 66 25 55 99 33 7 9 77 34 94 13 96 79 63 64 44 8 1 20 98 11 82 5 26 67 35 93 97 71 0 42 45 73 65 36 32 90 22 23 30 89 60 88 17 76 52 78 31 81 62 47 95 37 12 18 16 27 19 72 69 92 21 28 14 74 54 87 49 4 38 68 15 48 10 80 39 50 56 43 3 
TEST 64 ARG:41 29 85 2 83 53 86 51 84 91 61 59 70 57 24 46 75 40 58 6 66 25 55 99 33 7 9 77 34 94 13 96 79 63 64 44 8 1 20 98 11 82 5 26 67 35 93 97 71 0 42 45 73 65 36 32 90 22 23 30 89 60 88 17 76 52 78 31 81 62 47 95 37 12 18 16 27 19 72 69 92 21 28 14 74 54 87 49 4 38 68 15 48 10 80 39 50 56 43 3 
TEST 65 ARG:78 13 18 81 20 73 19 42 34 49 1 43 94 46 87 5 60 55 26 25 41 74 61 72 63 50 27 97 92 69 62 90 58 16 56 83 23 22 64 98 0 84 30 99 7 93 32 21 71 14 24 17 29 38 8 86 80 47 79 82 52 68 89 95 35 9 11 54 48 44 88 2 31 10 75 36 96 59 67 33 70 66 3 15 45 28 6 76 39 85 77 51 37 65 12 4 40 53 57 91 
TEST 65 ARG:78 13 18 81 20 73 19 42 34 49 1 43 94 46 87 5 60 55 26 25 41 74 61 72 63 50 27 97 92 69 62 90 58 16 56 83 23 22 64 98 0 84 30 99 7 93 32 21 71 14 24 17 29 38 8 86 80 47 79 82 52 68 89 95 35 9 11 54 48 44 88 2 31 10 75 36 96 59 67 33 70 66 3 15 45 28 6 76 39 85 77 51 37 65 12 4 40 53 57 91 
TEST 66 ARG:54 84 14 4 32 0 24 21 92 80 81 87 88 99 67 49 27 12 20 97 53 75 72 79 45 22 7 86 47 51 15 42 63 48 78 61 95 74 37 44 56 34 91 46 60 9 85 58 52 28 3 25 18 16 38 55 30 94 39 64 31 19 11 13 82 2 90 50 62 68 98 57 77 6 59 1 40 29 17 35 69 66 70 43 10 89 93 83 5 26 96 23 8 65 41 71 76 73 33 36 
TEST 66 ARG:54 84 14 4 32 0 24 21 92 80 81 87 88 99 67 49 27 12 20 97 53 75 72 79 45 22 7 86 47 51 15 42 63 48 78 61 95 74 37 44 56 34 91 46 60 9 85 58 52 28 3 25 18 16 38 55 30 94 39 64 31 19 11 13 82 2 90 50 62 68 98 57 77 6 59 1 40 29 17 35 69 66 70 43 10 89 93 83 5 26 96 23 8 65 41 71 76 73 33 36 
TEST 67 ARG:89 35 57 2 39 71 25 16 18 66 13 53 90 91 38 83 36 96 62 58 67 92 73 29 42 69 10 88 0 99 45 63 20 44 21 95 65 78 56 43 12 9 86 94 93 60 61 33 79 41 80 49 15 72 24 22 31 97 82 85 11 19 50 4 27 51 17 52 14 77 3 59 84 75 81 55 47 37 64 6 34 76 23 54 40 74 5 8 7 28 48 26 68 32 87 70 30 1 98 46 
TEST 67 ARG:89 35 57 2 39 71 25 16 18 66 13 53 90 91 38 83 36 96 62 58 67 92 73 29 42 69 10 88 0 99 45 63 20 44 21 95 65 78 56 43 12 9 86 94 93 60 61 33 79 41 80 49 15 72 24 22 31 97 82 85 11 19 50 4 27 51 17 52 14 77 3 59 84 75 81 55 47 37 64 6 34 76 23 54 40 74 5 8 7 28 48 26 68 32 87 70 30 1 98 46 
TEST 68 ARG:53 62 82 50 97 17 55 96 83 18 72 85 2 76 79 75 25 74 26 73 16 94 40 12 47 1 42 30 86 11 7 32 91 84 14 69 65 93 13 45 87 27 67 24 28 36 37 61 68 20 0 4 80 34 60 57 64 6 41 43 95 10 54 3 98 33 89 44 23 66 51 22 5 81 92 70 19 52 78 46 58 90 35 9 71 8 21 59 38 49 48 15 88 29 77 39 63 31 56 99 
TEST 68 ARG:53 62 82 50 97 17 55 96 83 18 72 85 2 76 79 75 25 74 26 73 16 94 40 12 47 1 42 30 86 11 7 32 91 84 14 69 65 93 13 45 87 27 67 24 28 36 37 61 68 20 0 4 80 34 60 57 64 6 41 43 95 10 54 3 98 33 89 44 23 66 51 22 5 81 92 70 19 52 78 46 58 90 35 9 71 8 21 59 38 49 48 15 88 29 77 39 63 31 56 99 
TEST 69 ARG:41 33 58 29 25 97 91 83 90 28 18 6 34 71 48 66 16 46 85 26 53 42 19 52 99 43 80 1 69 84 87 2 27 88 59 49 32 70 61 4 79 73 44 0 7 24 56 39 64 8 63 35 93 50 76 55 51 11 3 12 54 78 81 30 47 36 72 89 22 5 10 77 21 45 67 98 60 95 94 82 38 40 9 57 92 96 15 62 65 14 23 20 31 75 13 37 68 17 74 86 
TEST 69 ARG:41 33 58 29 25 97 91 83 90 28 18 6 34 71 48 66 16 46 85 26 53 42 19 52 99 43 80 1 69 84 87 2 27 88 59 49 32 70 61 4 79 73 44 0 7 24 56 39 64 8 63 35 93 50 76 55 51 11 3 12 54 78 81 30 47 36 72 89 22 5 10 77 21 45 67 98 60 95 94 82 38 40 9 57 92 96 15 62 65 14 23 20 31 75 13 37 68 17 74 86 
TEST 70 ARG:19 62 41 57 15 44 6 39 95 17 76 8 38 52 16 3 51 73 5 66 10 33 29 48 4 1 37 65 56 23 90 32 61 93 34 60 13 25 0 31 67 26 27 96 59 79 45 82 53 49 2 91 55 28 64 77 36 20 21 22 98 40 14 70 43 12 30 78 7 87 72 85 88 11 69 86 18 63 99 81 46 75 9 24 71 58 89 80 83 54 42 92 74 97 68 35 50 84 94 47 
TEST 70 ARG:19 62 41 57 15 44 6 39 95 17 76 8 38 52 16 3 51 73 5 66 10 33 29 48 4 1 37 65 56 23 90 32 61 93 34 60 13 25 0 31 67 26 27 96 59 79 45 82 53 49 2 91 55 28 64 77 36 20 21 22 98 40 14 70 43 12 30 78 7 87 72 85 88 11 69 86 18 63 99 81 46 75 9 24 71 58 89 80 83 54 42 92 74 97 68 35 50 84 94 47 
TEST 71 ARG:37 33 1 60 68 74 15 16 0 77 97 28 80 43 89 26 82 27 91 18 30 31 67 96 4 79 11 44 90 46 56 70 23 49 24 14 92 65 8 19 34 71 21 42 63 87 83 84 75 58 40 72 86 13 54 88 50 25 51 22 61 48 9 5 59 57 45 99 66 64 32 38 76 10 53 6 98 2 3 12 47 41 81 35 85 39 29 17 73 69 78 94 7 55 62 52 20 36 95 93 
TEST 71 ARG:37 33 1 60 68 74 15 16 0 77 97 28 80 43 89 26 82 27 91 18 30 31 67 96 4 79 11 44 90 46 56 70 23 49 24 14 92 65 8 19 34 71 21 42 63 87 83 84 75 58 40 72 86 13 54 88 50 25 51 22 61 48 9 5 59 57 45 99 66 64 32 38 76 10 53 6 98 2 3 12 47 41 81 35 85 39 29 17 73 69 78 94 7 55 62 52 20 36 95 93 
TEST 72 ARG:82 86 10 91 23 63 70 18 8 94 60 67 69 22 58 85 57 28 0 53 26 68 62 72 96 40 78 87 4 50 76 33 65 5 38 51 14 36 6 77 13 55 1 16 45 24 42 49 48 44 37 93 61 83 89 20 11 88 52 43 74 2 27 59 9 98 46 92 35 41 56 71 31 79 80 84 97 47 75 3 30 66 73 90 25 81 19 15 12 32 7 17 29 21 54 34 39 99 95 64 
TEST 72 ARG:82 86 10 91 23 63 70 18 8 94 60 67 69 22 58 85 57 28 0 53 26 68 62 72 96 40 78 87 4 50 76 33 65 5 38 51 14 36 6 77 13 55 1 16 45 24 42 49 48 44 37 93 61 83 89 20 11 88 52 43 74 2 27 59 9 98 46 92 35 41 56 71 31 79 80 84 97 47 75 3 30 66 73 90 25 81 19 15 12 32 7 17 29 21 54 34 39 99 95 64 
TEST 73 ARG:27 43 68 46 60 17 75 44 31 42 33 67 10 38 41 1 55 29 95 24 13 20 30 18 39 69 7 62 83 57 94 65 48 97 61 88 99 80 78 92 54 0 56 70 87 72 47 4 89 58 32 8 81 93 91 22 98 96 19 15 14 71 66 9 23 21 35 51 73 82 2 90 40 3 64 74 79 6 25 11 86 12 53 5 34 16 50 36 28 85 37 59 49 84 77 76 63 52 26 45 
TEST 73 ARG:27 43 68 46 60 17 75 44 31 42 33 67 10 38 41 1 55 29 95 24 13 20 30 18 39 69 7 62 83 57 94 65 48 97 61 88 99 80 78 92 54 0 56 70 87 72 47 4 89 58 32 8 81 93 91 22 98 96 19 15 14 71 66 9 23 21 35 51 73 82 2 90 40 3 64 74 79 6 25 11 86 12 53 5 34 16 50 36 28 85 37 59 49 84 77 76 63 52 26 45 
TEST 74 ARG:54 59 58 81 21 84 13 50 75 55 19 24 27 30 1 74 22 31 29 6 11 98 39 56 87 85 28 69 42 97 60 89 35 3 26 49 91 66 90 32 10 43 61 14 8 70 86 57 63 46 92 9 16 93 99 62 71 48 33 12 96 4 7 15 68 25 45 18 51 95 53 36 38 20 80 5 47 0 64 37 40 77 72 82 17 52 94 83 44 78 41 79 65 67 2 34 76 88 23 73 
TEST 74 ARG:54 59 58 81 21 84 13 50 75 55 19 24 27 30 1 74 22 31 29 6 11 98 39 56 87 85 28 69 42 97 60 89 35 3 26 49 91 66 90 32 10 43 61 14 8 70 86 57 63 46 92 9 16 93 99 62 71 48 33 12 96 4 7 15 68 25 45 18 51 95 53 36 38 20 80 5 47 0 64 37 40 77 72 82 17 52 94 83 44 78 41 79 65 67 2 34 76 88 23 73 
TEST 75 ARG:22 66 84 73 61 58 51 42 96 55 2 95 91 9 43 1 83 64 48 6 26 89 70 59 78 18 93 49 69 5 77 53 67 35 38 11 3 4 82 27 8 54 20 90 34 15 94 40 23 65 30 97 46 62 63 10 45 80 44 37 72 98 50 7 56 99 13 86 79 33 71 76 75 19 81 52 0 88 87 12 31 60 24 28 21 47 39 92 14 68 17 16 25 85 74 29 41 57 32 36 
TEST 75 ARG:22 66 84 73 61 58 51 42 96 55 2 95 91 9 43 1 83 64 48 6 26 89 70 59 78 18 93 49 69 5 77 53 67 35 38 11 3 4 82 27 8 54 20 90 34 15 94 40 23 65 30 97 46 62 63 10 45 80 44 37 72 98 50 7 56 99 13 86 79 33 71 76 75 19 81 52 0 88 87 12 31 60 24 28 21 47 39 92 14 68 17 16 25 85 74 29 41 57 32 36 
TEST 76 ARG:28 81 29 59 64 35 31 20 0 16 51 68 94 89 32 10 24 34 21 58 72 98 91 11 66 38 70 88 44 60 18 97 13 55 74 79 4 27 37 73 19 15 25 40 30 49 43 83 75 87 3 63 62 41 56 1 61 95 71 82 80 57 54 39 77 52 86 9 96 33 53 92 8 99 23 36 90 67 85 22 2 6 76 78 84 14 12 65 7 93 47 17 45 50 46 69 42 48 26 5 
TEST 76 ARG:28 81 29 59 64 35 31 20 0 16 51 68 94 89 32 10 24 34 21 58 72 98 91 11 66 38 70 88 44 60 18 97 13 55 74 79 4 27 37 73 19 15 25 40 30 49 43 83 75 87 3 63 62 41 56 1 61 95 71 82 80 57 54 39 77 52 86 9 96 33 53 92 8 99 23 36 90 67 85 22 2 6 76 78 84 14 12 65 7 93 47 17 45 50 46 69 42 48 26 5 
TEST 77 ARG:57 63 74 78 69 42 95 3 56 50 28 37 66 11 8 26 59 4 71 49 10 55 48 79 7 85 46 96 14 92 88 82 54 52 34 81 13 17 24 93 53 5 64 15 91 76 16 97 45 20 84 38 27 67 9 68 98 87 19 89 44 30 21 62 43 70 25 80 18 61 41 1 77 23 83 90 51 47 72 58 29 22 60 36 6 35 40 33 39 73 2 75 99 31 32 12 0 65 86 94 
TEST 77 ARG:57 63 74 78 69 42 95 3 56 50 28 37 66 11 8 26 59 4 71 49 10 55 48 79 7 85 46 96 14 92 88 82 54 52 34 81 13 17 24 93 53 5 64 15 91 76 16 97 45 20 84 38 27 67 9 68 98 87 19 89 44 30 21 62 43 70 25 80 18 61 41 1 77 23 83 90 51 47 72 58 29 22 60 36 6 35 40 33 39 73 2 75 99 31 32 12 0 65 86 94 
TEST 78 ARG:83 59 15 47 92 35 93 14 51 73 61 97 30 53 32 36 98 7 79 69 57 70 17 18 24 19 99 20 38 56 66 82 37 52 33 1 21 65 28 78 42 25 54 23 50 16 48 11 10 3 95 91 39 22 94 9 62 72 87 89 40 27 71 74 45 81 58 96 49 34 26 84 41 0 76 6 4 86 13 88 60 2 43 55 67 12 29 44 68 8 77 64 85 80 63 90 5 75 46 31 
TEST 78 ARG:83 59 15 47 92 35 93 14 51 73 61 97 30 53 32 36 98 7 79 69 57 70 17 18 24 19 99 20 38 56 66 82 37 52 33 1 21 65 28 78 42 25 54 23 50 16 48 11 10 3 95 91 39 22 94 9 62 72 87 89 40 27 71 74 45 81 58 96 49 34 26 84 41 0 76 6 4 86 13 88 60 2 43 55 67 12 29 44 68 8 77 64 85 80 63 90 5 75 46 31 
TEST 79 ARG:94 22 40 33 12 66 92 26 65 82 73 50 72 14 48 18 7 6 55 35 84 4 15 58 99 27 77 5 8 13 69 24 45 34 1 38 41 43 42 44 51 67 36 37 16 89 95 39 91 61 28 17 71 63 49 76 20 93 62 68 64 25 53 57 56 97 75 29 83 30 96 23 70 98 59 85 19 11 88 74 87 10 80 81 3 0 47 31 54 90 52 86 79 32 46 21 60 2 9 78 
TEST 79 ARG:94 22 40 33 12 66 92 26 65 82 73 50 72 14 48 18 7 6 55 35 84 4 15 58 99 27 77 5 8 13 69 24 45 34 1 38 41 43 42 44 51 67 36 37 16 89 95 39 91 61 28 17 71 63 49 76 20 93 62 68 64 25 53 57 56 97 75 29 83 30 96 23 70 98 59 85 19 11 88 74 87 10 80 81 3 0 47 31 54 90 52 86 79 32 46 21 60 2 9 78 
TEST 80 ARG:67 69 30 87 37 16 73 1 8 4 28 21 25 86 2 62 20 54 0 70 34 17 32 94 23 47 31 93 11 81 50 99 48 92 61 55 72 15 68 40 39 78 41 85 97 58 57 35 88 19 6 9 53 95 12 14 46 75 36 63 45 44 84 38 77 79 52 76 82 51 29 33 27 64 42 5 90 96 98 60 7 43 26 83 89 10 65 13 80 49 74 56 59 91 66 22 3 24 18 71 
TEST 80 ARG:67 69 30 87 37 16 73 1 8 4 28 21 25 86 2 62 20 54 0 70 34 17 32 94 23 47 31 93 11 81 50 99 48 92 61 55 72 15 68 40 39 78 41 85 97 58 57 35 88 19 6 9 53 95 12 14 46 75 36 63 45 44 84 38 77 79 52 76 82 51 29 33 27 64 42 5 90 96 98 60 7 43 26 83 89 10 65 13 80 49 74 56 59 91 66 22 3 24 18 71 
TEST 81 ARG:12 68 86 96 15 31 7 57 59 22 51 16 21 52 69 93 83 35 90 99 32 5 78 72 11 94 81 23 82 56 64 18 97 66 75 14 61 41 53 95 36 62 58 70 98 39 89 42 27 80 20 30 49 50 84 13 40 54 19 60 9 74 47 28 8 34 3 67 79 44 45 17 4 88 71 85 55 0 46 76 73 29 63 2 10 1 91 37 65 25 24 38 77 6 43 48 92 33 26 87 
TEST 81 ARG:12 68 86 96 15 31 7 57 59 22 51 16 21 52 69 93 83 35 90 99 32 5 78 72 11 94 81 23 82 56 64 18 97 66 75 14 61 41 53 95 36 62 58 70 98 39 89 42 27 80 20 30 49 50 84 13 40 54 19 60 9 74 47 28 8 34 3 67 79 44 45 17 4 88 71 85 55 0 46 76 73 29 63 2 10 1 91 37 65 25 24 38 77 6 43 48 92 33 26 87 
TEST 82 ARG:50 0 71 57 70 9 38 85 83 58 13 34 3 33 43 22 27 5 41 35 21 23 73 52 86 95 37 80 69 48 78 72 32 6 30 25 99 81 64 74 77 90 4 45 96 44 62 87 65 36 42 76 84 61 75 91 79 51 67 82 40 63 18 97 17 59 94 88 54 55 46 31 7 11 89 53 15 93 12 47 10 2 20 56 60 39 49 68 1 19 8 28 26 66 92 29 16 14 24 98 
TEST 82 ARG:50 0 71 57 70 9 38 85 83 58 13 34 3 33 43 22 27 5 41 35 21 23 73 52 86 95 37 80 69 48 78 72 32 6 30 25 99 81 64 74 77 90 4 45 96 44 62 87 65 36 42 76 84 61 75 91 79 51 67 82 40 63 18 97 17 59 94 88 54 55 46 31 7 11 89 53 15 93 12 47 10 2 20 56 60 39 49 68 1 19 8 28 26 66 92 29 16 14 24 98 
TEST 83 ARG:97 92 90 34 88 89 8 36 2 24 29 75 78 39 72 10 96 99 53 64 11 70 81 41 5 43 69 83 30 38 22 49 67 45 84 91 37 20 31 85 1 73 58 77 19 60 25 59 9 71 79 95 82 3 6 52 48 68 14 93 74 33 76 12 94 18 0 40 57 26 32 51 87 63 65 35 50 16 15 42 62 28 80 44 17 66 27 46 13 23 47 4 86 61 21 7 55 54 56 98 
TEST 83 ARG:97 92 90 34 88 89 8 36 2 24 29 75 78 39 72 10 96 99 53 64 11 70 81 41 5 43 69 83 30 38 22 49 67 45 84 91 37 20 31 85 1 73 58 77 19 60 25 59 9 71 79 95 82 3 6 52 48 68 14 93 74 33 76 12 94 18 0 40 57 26 32 51 87 63 65 35 50 16 15 42 62 28 80 44 17 66 27 46 13 23 47 4 86 61 21 7 55 54 56 98 
TEST 84 ARG:93 84 94 73 71 82 36 19 46 51 91 63 67 7 30 22 70 12 21 43 66 85 5 41 47 59 92 28 25 53 18 54 37 15 99 81 9 79 87 61 20 27 4 45 42 78 60 65 29 83 96 86 39 88 38 90 3 62 76 77 34 55 74 14 35 50 31 33 6 2 72 64 49 80 1 13 24 57 56 52 0 97 26 69 32 11 68 40 23 89 17 75 48 8 44 98 58 95 10 16 
TEST 84 ARG:93 84 94 73 71 82 36 19 46 51 91 63 67 7 30 22 70 12 21 43 66 85 5 41 47 59 92 28 25 53 18 54 37 15 99 81 9 79 87 61 20 27 4 45 42 78 60 65 29 83 96 86 39 88 38 90 3 62 76 77 34 55 74 14 35 50 31 33 6 2 72 64 49 80 1 13 24 57 56 52 0 97 26 69 32 11 68 40 23 89 17 75 48 8 44 98 58 95 10 16 
TEST 85 ARG:65 70 5 97 27 52 57 69 51 63 8 50 55 29 44 58 96 28 13 64 76 2 85 40 17 18 66 1 12 86 77 68 84 7 26 54 61 95 41 10 15 81 25 14 75 22 90 47 79 49 89 33 35 3 11 82 38 45 80 94 43 91 19 23 99 78 53 46 30 6 21 59 71 16 48 93 34 87 9 60 72 42 31 24 98 20 74 0 37 67 88 39 92 62 73 4 32 83 56 36 
TEST 85 ARG:65 70 5 97 27 52 57 69 51 63 8 50 55 29 44 58 96 28 13 64 76 2 85 40 17 18 66 1 12 86 77 68 84 7 26 54 61 95 41 10 15 81 25 14 75 22 90 47 79 49 89 33 35 3 11 82 38 45 80 94 43 91 19 23 99 78 53 46 30 6 21 59 71 16 48 93 34 87 9 60 72 42 31 24 98 20 74 0 37 67 88 39 92 62 73 4 32 83 56 36 
TEST 86 ARG:88 44 64 9 26 84 15 61 1 49 7 10 27 85 11 46 81 39 79 14 35 71 38 8 32 92 76 2 53 4 77 50 91 24 6 30 22 18 51 12 23 37 20 42 94 65 90 87 86 31 25 63 17 89 13 40 66 73 48 70 19 78 59 93 33 82 99 16 62 21 60 34 41 57 28 36 67 96 80 75 45 72 55 95 47 54 83 3 98 29 68 5 43 0 69 74 56 52 97 58 
TEST 86 ARG:88 44 64 9 26 84 15 61 1 49 7 10 27 85 11 46 81 39 79 14 35 71 38 8 32 92 76 2 53 4 77 50 91 24 6 30 22 18 51 12 23 37 20 42 94 65 90 87 86 31 25 63 17 89 13 40 66 73 48 70 19 78 59 93 33 82 99 16 62 21 60 34 41 57 28 36 67 96 80 75 45 72 55 95 47 54 83 3 98 29 68 5 43 0 69 74 56 52 97 58 
TEST 87 ARG:71 32 11 40 55 63 41 1 22 21 74 9 39 17 36 69 96 37 8 60 87 88 58 10 95 98 57 25 51 18 61 15 29 84 79 56 46 66 67 43 81 47 44 3 77 89 91 20 72 64 23 30 48 12 33 68 65 78 14 28 93 52 80 0 38 16 6 99 73 54 19 92 5 50 31 34 53 90 13 70 83 42 7 24 97 62 27 86 94 26 45 49 85 2 35 76 4 82 75 59 
TEST 87 ARG:71 32 11 40 55 63 41 1 22 21 74 9 39 17 36 69 96 37 8 60 87 88 58 10 95 98 57 25 51 18 61 15 29 84 79 56 46 66 67 43 81 47 44 3 77 89 91 20 72 64 23 30 48 12 33 68 65 78 14 28 93 52 80 0 38 16 6 99 73 54 19 92 5 50 31 34 53 90 13 70 83 42 7 24 97 62 27 86 94 26 45 49 85 2 35 76 4 82 75 59 
TEST 88 ARG:48 74 54 50 5 88 34 41 3 58 53 82 19 93 27 56 1 80 86 28 77 32 29 6 68 35 64 66 9 59 90 76 23 24 46 8 98 37 79 95 81 25 36 52 7 91 2 20 44 16 62 57 60 13 97 33 87 45 71 72 92 85 0 10 67 63 61 51 65 73 78 21 17 89 99 96 40 38 70 49 94 75 69 42 83 12 26 22 43 4 11 18 30 39 14 55 15 47 31 84 
TEST 88 ARG:48 74 54 50 5 88 34 41 3 58 53 82 19 93 27 56 1 80 86 28 77 32 29 6 68 35 64 66 9 59 90 76 23 24 46 8 98 37 79 95 81 25 36 52 7 91 2 20 44 16 62 57 60 13 97 33 87 45 71 72 92 85 0 10 67 63 61 51 65 73 78 21 17 89 99 96 40 38 70 49 94 75 69 42 83 12 26 22 43 4 11 18 30 39 14 55 15 47 31 84 
TEST 89 ARG:87 24 48 79 33 83 47 39 44 21 41 45 62 95 46 40 50 68 5 90 94 42 4 59 34 80 25 12 84 98 43 15 56 0 81 63 32 75 38 60 99 97 20 8 88 53 61 30 1 74 71 7 36 86 28 35 19 89 37 51 17 67 73 14 64 54 82 3 76 13 22 16 6 26 93 85 65 58 91 10 72 77 49 96 18 55 29 52 69 2 57 23 70 31 66 9 92 11 27 78 
TEST 89 ARG:87 24 48 79 33 83 47 39 44 21 41 45 62 95 46 40 50 68 5 90 94 42 4 59 34 80 25 12 84 98 43 15 56 0 81 63 32 75 38 60 99 97 20 8 88 53 61 30 1 74 71 7 36 86 28 35 19 89 37 51 17 67 73 14 64 54 82 3 76 13 22 16 6 26 93 85 65 58 91 10 72 77 49 96 18 55 29 52 69 2 57 23 70 31 66 9 92 11 27 78 
TEST 90 ARG:83 81 31 50 4 12 45 89 11 5 16 53 22 68 14 15 55 80 41 95 17 69 66 97 3 96 61 86 84 67 37 63 7 44 87 54 59 52 13 64 24 29 40 34 46 73 85 58 57 77 43 62 49 20 48 91 94 10 18 9 39 72 1 25 6 38 60 51 90 65 30 71 0 75 35 2 36 82 78 98 88 92 70 93 33 99 42 26 19 56 21 27 32 47 8 74 79 28 23 76 
TEST 90 ARG:83 81 31 50 4 12 45 89 11 5 16 53 22 68 14 15 55 80 41 95 17 69 66 97 3 96 61 86 84 67 37 63 7 44 87 54 59 52 13 64 24 29 40 34 46 73 85 58 57 77 43 62 49 20 48 91 94 10 18 9 39 72 1 25 6 38 60 51 90 65 30 71 0 75 35 2 36 82 78 98 88 92 70 93 33 99 42 26 19 56 21 27 32 47 8 74 79 28 23 76 
TEST 91 ARG:42 16 17 52 25 12 32 7 85 36 55 95 39 82 14 81 30 0 20 46 90 99 71 48 4 76 79 22 10 92 13 68 8 18 37 1 45 27 96 51 86 53 66 2 35 33 34 49 94 15 62 75 43 54 91 80 60 70 47 41 19 5 40 21 50 44 69 89 29 77 72 6 24 3 58 26 65 84 23 93 11 56 64 28 9 67 38 78 98 73 88 31 83 57 74 97 87 61 63 59 
TEST 91 ARG:42 16 17 52 25 12 32 7 85 36 55 95 39 82 14 81 30 0 20 46 90 99 71 48 4 76 79 22 10 92 13 68 8 18 37 1 45 27 96 51 86 53 66 2 35 33 34 49 94 15 62 75 43 54 91 80 60 70 47 41 19 5 40 21 50 44 69 89 29 77 72 6 24 3 58 26 65 84 23 93 11 56 64 28 9 67 38 78 98 73 88 31 83 57 74 97 87 61 63 59 
TEST 92 ARG:89 88 4 91 62 16 26 49 87 41 67 19 70 71 63 48 77 56 46 17 66 76 20 79 18 29 10 84 21 30 85 7 95 47 93 35 1 43 54 58 69 60 27 44 59 65 8 40 23 45 57 3 94 11 22 31 34 6 73 64 52 28 13 96 37 50 5 39 53 24 32 90 61 2 33 36 25 51 80 86 99 14 0 92 82 12 72 83 98 42 75 78 38 68 55 97 74 9 81 15 
TEST 92 ARG:89 88 4 91 62 16 26 49 87 41 67 19 70 71 63 48 77 56 46 17 66 76 20 79 18 29 10 84 21 30 85 7 95 47 93 35 1 43 54 58 69 60 27 44 59 65 8 40 23 45 57 3 94 11 22 31 34 6 73 64 52 28 13 96 37 50 5 39 53 24 32 90 61 2 33 36 25 51 80 86 99 14 0 92 82 12 72 83 98 42 75 78 38 68 55 97 74 9 81 15 
TEST 93 ARG:86 11 26 62 72 98 52 4 97 22 9 84 42 35 12 96 29 70 15 82 38 16 27 19 10 34 53 36 44 18 79 17 71 59 25 64 65 56 32 76 95 83 21 75 23 31 92 6 37 20 89 67 90 24 41 50 2 5 39 93 61 46 47 60 66 3 91 85 13 68 43 87 78 74 73 99 54 33 55 58 94 63 51 8 14 77 40 48 28 7 49 88 30 57 69 81 45 80 0 1 
TEST 93 ARG:86 11 26 62 72 98 52 4 97 22 9 84 42 35 12 96 29 70 15 82 38 16 27 19 10 34 53 36 44 18 79 17 71 59 25 64 65 56 32 76 95 83 21 75 23 31 92 6 37 20 89 67 90 24 41 50 2 5 39 93 61 46 47 60 66 3 91 85 13 68 43 87 78 74 73 99 54 33 55 58 94 63 51 8 14 77 40 48 28 7 49 88 30 57 69 81 45 80 0 1 
TEST 94 ARG:21 19 45 39 12 99 11 14 95 25 24 26 97 55 22 61 56 84 28 92 58 30 2 27 86 67 43 80 7 20 57 76 82 33 36 29 52 5 98 17 46 31 74 62 50 8 89 54 85 9 68 77 47 13 87 42 18 6 23 48 49 60 72 16 1 3 91 69 53 93 79 96 35 4 15 37 88 94 81 59 73 34 64 71 0 70 32 38 44 83 41 65 63 51 10 90 66 78 40 75 
TEST 94 ARG:21 19 45 39 12 99 11 14 95 25 24 26 97 55 22 61 56 84 28 92 58 30 2 27 86 67 43 80 7 20 57 76 82 33 36 29 52 5 98 17 46 31 74 62 50 8 89 54 85 9 68 77 47 13 87 42 18 6 23 48 49 60 72 16 1 3 91 69 53 93 79 96 35 4 15 37 88 94 81 59 73 34 64 71 0 70 32 38 44 83 41 65 63 51 10 90 66 78 40 75 
TEST 95 ARG:54 95 45 40 96 38 73 52 91 11 68 81 12 58 51 0 53 70 60 29 97 17 10 23 14 57 90 34 46 76 35 13 32 55 78 39 83 93 85 84 67 86 44 6 99 61 80 75 33 77 92 9 8 2 88 31 27 37 69 30 66 98 89 16 47 94 26 19 21 28 50 43 22 5 59 24 63 41 56 48 62 49 3 79 71 72 1 25 87 65 4 64 74 7 18 42 82 20 36 15 
TEST 95 ARG:54 95 45 40 96 38 73 52 91 11 68 81 12 58 51 0 53 70 60 29 97 17 10 23 14 57 90 34 46 76 35 13 32 55 78 39 83 93 85 84 67 86 44 6 99 61 80 75 33 77 92 9 8 2 88 31 27 37 69 30 66 98 89 16 47 94 26 19 21 28 50 43 22 5 59 24 63 41 56 48 62 49 3 79 71 72 1 25 87 65 4 64 74 7 18 42 82 20 36 15 
TEST 96 ARG:39 12 95 74 45 41 97 91 89 33 71 69 66 84 43 0 70 4 49 63 82 21 36 65 90 17 64 28 94 81 55 58 8 68 25 27 40 19 99 26 72 24 20 75 51 96 23 73 79 38 48 37 31 1 22 59 53 14 18 52 87 60 29 9 85 54 80 86 56 62 76 78 77 50 16 35 93 61 11 32 67 7 83 30 57 2 42 88 44 98 3 5 47 34 6 46 10 92 13 15 
TEST 96 ARG:39 12 95 74 45 41 97 91 89 33 71 69 66 84 43 0 70 4 49 63 82 21 36 65 90 17 64 28 94 81 55 58 8 68 25 27 40 19 99 26 72 24 20 75 51 96 23 73 79 38 48 37 31 1 22 59 53 14 18 52 87 60 29 9 85 54 80 86 56 62 76 78 77 50 16 35 93 61 11 32 67 7 83 30 57 2 42 88 44 98 3 5 47 34 6 46 10 92 13 15 
TEST 97 ARG:81 25 49 5 65 53 33 55 85 19 67 35 63 86 60 62 10 21 88 59 6 39 72 40 15 80 66 16 26 44 74 54 97 47 12 17 3 4 43 75 84 64 9 13 50 94 28 22 45 36 95 89 48 23 58 70 29 51 73 46 87 0 30 90 76 71 83 38 56 32 77 7 57 2 99 11 79 69 18 1 78 61 37 8 92 20 41 42 82 91 34 31 68 14 98 93 52 96 27 24 
TEST 97 ARG:81 25 49 5 65 53 33 55 85 19 67 35 63 86 60 62 10 21 88 59 6 39 72 40 15 80 66 16 26 44 74 54 97 47 12 17 3 4 43 75 84 64 9 13 50 94 28 22 45 36 95 89 48 23 58 70 29 51 73 46 87 0 30 90 76 71 83 38 56 32 77 7 57 2 99 11 79 69 18 1 78 61 37 8 92 20 41 42 82 91 34 31 68 14 98 93 52 96 27 24 
TEST 98 ARG:26 92 66 59 89 46 35 24 23 44 33 88 74 76 2 7 80 32 62 40 53 51 72 77 17 70 9 30 5 18 82 11 81 4 19 16 54 97 84 29 25 8 49 64 15 95 65 0 12 34 60 31 48 52 13 63 21 71 57 10 36 96 43 50 58 45 78 41 55 85 91 73 93 6 67 42 83 75 79 87 28 38 56 22 47 1 37 69 61 3 68 20 98 14 99 94 90 86 27 39 
TEST 98 ARG:26 92 66 59 89 46 35 24 23 44 33 88 74 76 2 7 80 32 62 40 53 51 72 77 17 70 9 30 5 18 82 11 81 4 19 16 54 97 84 29 25 8 49 64 15 95 65 0 12 34 60 31 48 52 13 63 21 71 57 10 36 96 43 50 58 45 78 41 55 85 91 73 93 6 67 42 83 75 79 87 28 38 56 22 47 1 37 69 61 3 68 20 98 14 99 94 90 86 27 39 
TEST 99 ARG:15 71 95 83 9 50 40 3 41 75 22 69 96 78 43 94 33 82 62 55 59 51 0 26 99 16 20 39 64 85 42 29 36 97 86 44 57 68 79 53 49 73 1 4 87 91 7 60 70 63 32 38 28 81 92 74 88 93 14 24 37 89 2 12 66 13 45 48 35 47 67 72 58 11 61 19 54 17 25 77 23 27 76 80 84 98 31 30 65 46 6 52 10 90 21 5 56 8 34 18 
TEST 99 ARG:15 71 95 83 9 50 40 3 41 75 22 69 96 78 43 94 33 82 62 55 59 51 0 26 99 16 20 39 64 85 42 29 36 97 86 44 57 68 79 53 49 73 1 4 87 91 7 60 70 63 32 38 28 81 92 74 88 93 14 24 37 89 2 12 66 13 45 48 35 47 67 72 58 11 61 19 54 17 25 77 23 27 76 80 84 98 31 30 65 46 6 52 10 90 21 5 56 8 34 18 
TEST 100 ARG:47 32 90 55 72 21 59 37 80 99 31 10 96 62 94 30 70 93 53 54 42 41 68 86 43 12 16 89 79 17 36 61 25 66 73 51 26 39 29 9 20 74 46 49 33 45 88 83 92 24 7 71 58 15 95 1 69 78 0 8 40 3 63 4 19 44 77 14 52 60 91 2 38 98 97 85 35 34 64 65 18 13 67 84 76 28 87 48 11 23 81 50 6 22 75 5 82 57 27 56 
TEST 100 ARG:47 32 90 55 72 21 59 37 80 99 31 10 96 62 94 30 70 93 53 54 42 41 68 86 43 12 16 89 79 17 36 61 25 66 73 51 26 39 29 9 20 74 46 49 33 45 88 83 92 24 7 71 58 15 95 1 69 78 0 8 40 3 63 4 19 44 77 14 52 60 91 2 38 98 97 85 35 34 64 65 18 13 67 84 76 28 87 48 11 23 81 50 6 22 75 5 82 57 27 56 
TEST 101 ARG:8 15 16 54 60 63 53 46 50 93 35 25 77 27 26 34 43 17 33 23 6 9 51 70 45 75 21 58 81 69 88 76 42 10 19 48 79 59 5 14 1 64 98 52 96 78 22 7 40 55 91 13 47 82 41 95 56 97 80 11 85 31 0 37 89 74 32 90 29 72 92 99 84 18 73 71 86 57 66 83 20 62 39 28 61 94 67 30 24 44 4 68 38 49 65 12 87 2 3 36 
TEST 101 ARG:8 15 16 54 60 63 53 46 50 93 35 25 77 27 26 34 43 17 33 23 6 9 51 70 45 75 21 58 81 69 88 76 42 10 19 48 79 59 5 14 1 64 98 52 96 78 22 7 40 55 91 13 47 82 41 95 56 97 80 11 85 31 0 37 89 74 32 90 29 72 92 99 84 18 73 71 86 57 66 83 20 62 39 28 61 94 67 30 24 44 4 68 38 49 65 12 87 2 3 36 
TEST 102 ARG:85 56 3 57 65 83 91 43 59 12 6 81 72 44 66 48 31 82 27 94 5 78 9 79 38 20 51 13 54 33 49 7 25 84 96 40 16 90 4 61 73 18 0 64 92 74 77 35 28 47 8 62 15 46 34 10 67 53 30 60 58 29 17 97 39 89 95 41 24 26 98 76 87 36 50 14 88 2 1 75 52 99 19 80 22 55 45 32 86 11 23 42 93 21 68 63 70 69 71 37 
TEST 102 ARG:85 56 3 57 65 83 91 43 59 12 6 81 72 44 66 48 31 82 27 94 5 78 9 79 38 20 51 13 54 33 49 7 25 84 96 40 16 90 4 61 73 18 0 64 92 74 77 35 28 47 8 62 15 46 34 10 67 53 30 60 58 29 17 97 39 89 95 41 24 26 98 76 87 36 50 14 88 2 1 75 52 99 19 80 22 55 45 32 86 11 23 42 93 21 68 63 70 69 71 37 
TEST 103 ARG:85 48 67 74 11 43 46 96 26 34 40 0 38 77 82 99 44 29 60 56 81 55 84 10 19 50 16 83 7 62 37 22 15 78 66 57 80 35 76 49 92 95 70 64 3 97 41 75 59 23 14 17 39 91 61 24 21 53 58 69 36 98 47 93 27 28 88 4 5 18 2 79 52 90 71 87 1 8 6 63 68 65 30 25 72 31 9 20 12 51 45 42 32 89 54 94 33 13 86 73 
TEST 103 ARG:85 48 67 74 11 43 46 96 26 34 40 0 38 77 82 99 44 29 60 56 81 55 84 10 19 50 16 83 7 62 37 22 15 78 66 57 80 35 76 49 92 95 70 64 3 97 41 75 59 23 14 17 39 91 61 24 21 53 58 69 36 98 47 93 27 28 88 4 5 18 2 79 52 90 71 87 1 8 6 63 68 65 30 25 72 31 9 20 12 51 45 42 32 89 54 94 33 13 86 73 
TEST 104 ARG:31 73 66 98 53 60 24 77 99 12 78 28 0 26 34 74 8 14 2 1 35 75 17 64 10 25 7 81 47 41 96 5 72 51 76 62 80 84 63 39 11 55 85 9 50 3 44 30 29 58 70 94 52 59 15 27 87 42 18 65 97 56 79 21 38 40 33 48 49 23 54 37 13 57 61 71 93 45 91 20 69 67 82 95 92 90 43 83 88 32 89 36 4 16 86 6 68 22 46 19 
TEST 104 ARG:31 73 66 98 53 60 24 77 99 12 78 28 0 26 34 74 8 14 2 1 35 75 17 64 10 25 7 81 47 41 96 5 72 51 76 62 80 84 63 39 11 55 85 9 50 3 44 30 29 58 70 94 52 59 15 27 87 42 18 65 97 56 79 21 38 40 33 48 49 23 54 37 13 57 61 71 93 45 91 20 69 67 82 95 92 90 43 83 88 32 89 36 4 16 86 6 68 22 46 19 
TEST 105 ARG:98 46 59 65 74 14 88 53 58 1 60 52 16 17 38 34 9 89 19 12 51 18 73 29 90 75 27 7 81 8 21 87 10 91 63 57 26 83 0 99 20 77 48 86 76 94 15 24 35 66 55 39 44 4 70 45 92 6 30 37 25 61 11 31 85 2 64 97 41 33 23 40 36 79 68 42 82 54 62 50 49 93 28 67 80 78 5 13 3 22 95 96 69 71 47 56 43 84 32 72 
TEST 105 ARG:98 46 59 65 74 14 88 53 58 1 60 52 16 17 38 34 9 89 19 12 51 18 73 29 90 75 27 7 81 8 21 87 10 91 63 57 26 83 0 99 20 77 48 86 76 94 15 24 35 66 55 39 44 4 70 45 92 6 30 37 25 61 11 31 85 2 64 97 41 33 23 40 36 79 68 42 82 54 62 50 49 93 28 67 80 78 5 13 3 22 95 96 69 71 47 56 43 84 32 72 
TEST 106 ARG:35 73 72 67 16 27 24 37 95 3 45 38 84 64 79 34 12 93 47 30 74 28 75 58 96 33 87 6 69 76 1 7 4 26 86 10 17 57 20 39 88 82 48 23 56 78 14 42 8 63 46 59 11 41 99 2 70 65 18 85 32 5 29 68 51 36 31 50 0 60 21 62 40 77 81 80 19 43 83 44 49 91 90 66 98 71 9 97 92 53 55 13 15 61 52 89 25 94 22 54 
TEST 106 ARG:35 73 72 67 16 27 24 37 95 3 45 38 84 64 79 34 12 93 47 30 74 28 75 58 96 33 87 6 69 76 1 7 4 26 86 10 17 57 20 39 88 82 48 23 56 78 14 42 8 63 46 59 11 41 99 2 70 65 18 85 32 5 29 68 51 36 31 50 0 60 21 62 40 77 81 80 19 43 83 44 49 91 90 66 98 71 9 97 92 53 55 13 15 61 52 89 25 94 22 54 
TEST 107 ARG:89 57 88 33 59 42 30 74 14 7 94 32 2 60 56 90 41 76 13 50 91 77 34 20 9 1 12 98 68 97 65 51 46 15 47 11 44 84 61 3 10 23 66 31 52 19 17 29 0 8 53 63 36 83 43 75 87 82 62 28 45 25 54 72 64 49 78 69 22 6 48 40 96 95 24 81 58 38 85 5 71 86 73 18 93 16 39 67 92 70 26 4 80 35 37 27 55 99 21 79 
TEST 107 ARG:89 57 88 33 59 42 30 74 14 7 94 32 2 60 56 90 41 76 13 50 91 77 34 20 9 1 12 98 68 97 65 51 46 15 47 11 44 84 61 3 10 23 66 31 52 19 17 29 0 8 53 63 36 83 43 75 87 82 62 28 45 25 54 72 64 49 78 69 22 6 48 40 96 95 24 81 58 38 85 5 71 86 73 18 93 16 39 67 92 70 26 4 80 35 37 27 55 99 21 79 
TEST 108 ARG:41 84 7 86 93 59 67 26 0 77 94 85 21 92 22 74 12 29 61 30 35 87 65 19 62 46 89 43 25 36 51 4 24 80 82 14 20 88 66 76 34 39 69 70 50 56 95 33 44 64 90 40 73 58 8 16 75 6 52 32 5 38 10 15 9 28 23 57 48 3 60 42 91 96 17 18 1 13 63 68 55 49 71 78 37 99 31 47 54 81 83 72 97 11 27 79 98 53 2 45 
TEST 108 ARG:41 84 7 86 93 59 67 26 0 77 94 85 21 92 22 74 12 29 61 30 35 87 65 19 62 46 89 43 25 36 51 4 24 80 82 14 20 88 66 76 34 39 69 70 50 56 95 33 44 64 90 40 73 58 8 16 75 6 52 32 5 38 10 15 9 28 23 57 48 3 60 42 91 96 17 18 1 13 63 68 55 49 71 78 37 99 31 47 54 81 83 72 97 11 27 79 98 53 2 45 
TEST 109 ARG:96 2 11 38 12 36 75 67 29 50 82 54 60 41 74 56 87 73 42 24 90 43 85 22 9 49 18 5 95 61 47 89 6 32 71 1 63 80 39 27 14 66 65 3 83 45 53 28 35 52 40 97 93 77 8 55 78 94 98 19 13 79 76 10 86 15 84 0 72 4 70 7 44 62 69 51 58 81 33 57 30 31 34 91 99 37 46 16 21 17 48 64 23 25 92 68 20 26 59 88 
TEST 109 ARG:96 2 11 38 12 36 75 67 29 50 82 54 60 41 74 56 87 73 42 24 90 43 85 22 9 49 18 5 95 61 47 89 6 32 71 1 63 80 39 27 14 66 65 3 83 45 53 28 35 52 40 97 93 77 8 55 78 94 98 19 13 79 76 10 86 15 84 0 72 4 70 7 44 62 69 51 58 81 33 57 30 31 34 91 99 37 46 16 21 17 48 64 23 25 92 68 20 26 59 88 
TEST 110 ARG:93 98 57 16 58 82 60 73 77 70 81 72 79 22 20 4 59 10 85 0 7 19 12 96 46 89 54 27 87 13 75 50 55 11 67 30 28 45 6 52 3 83 8 14 66 88 37 62 15 61 41 69 17 92 97 21 53 86 84 94 35 65 95 40 9 34 91 43 74 24 42 48 71 63 38 90 2 32 80 47 44 1 68 26 99 31 76 23 36 51 33 25 64 56 29 18 39 5 49 78 
TEST 110 ARG:93 98 57 16 58 82 60 73 77 70 81 72 79 22 20 4 59 10 85 0 7 19 12 96 46 89 54 27 87 13 75 50 55 11 67 30 28 45 6 52 3 83 8 14 66 88 37 62 15 61 41 69 17 92 97 21 53 86 84 94 35 65 95 40 9 34 91 43 74 24 42 48 71 63 38 90 2 32 80 47 44 1 68 26 99 31 76 23 36 51 33 25 64 56 29 18 39 5 49 78 
TEST 111 ARG:61 51 57 12 11 28 99 93 58 36 88 50 21 37 8 72 20 63 59 55 66 92 68 27 70 98 48 1 32 79 43 89 75 26 39 78 40 44 67 94 62 0 38 71 74 86 80 97 45 34 41 46 90 47 64 49 10 25 84 31 18 87 83 17 81 14 29 13 54 23 24 69 60 7 95 3 4 82 22 33 30 52 9 2 73 65 53 19 56 15 6 77 16 5 35 91 42 85 96 76 
TEST 111 ARG:61 51 57 12 11 28 99 93 58 36 88 50 21 37 8 72 20 63 59 55 66 92 68 27 70 98 48 1 32 79 43 89 75 26 39 78 40 44 67 94 62 0 38 71 74 86 80 97 45 34 41 46 90 47 64 49 10 25 84 31 18 87 83 17 81 14 29 13 54 23 24 69 60 7 95 3 4 82 22 33 30 52 9 2 73 65 53 19 56 15 6 77 16 5 35 91 42 85 96 76 
TEST 112 ARG:88 35 38 60 29 70 56 32 53 78 69 16 72 61 87 36 82 73 67 39 99 76 9 31 57 84 26 66 0 42 77 81 79 10 83 22 3 37 95 94 34 65 74 58 92 50 41 33 89 47 49 6 5 71 43 40 48 46 12 97 14 54 64 4 2 93 8 21 75 59 18 80 68 28 15 20 25 1 62 85 17 45 86 96 90 13 91 52 7 55 24 11 44 51 63 27 98 19 30 23 
TEST 112 ARG:88 35 38 60 29 70 56 32 53 78 69 16 72 61 87 36 82 73 67 39 99 76 9 31 57 84 26 66 0 42 77 81 79 10 83 22 3 37 95 94 34 65 74 58 92 50 41 33 89 47 49 6 5 71 43 40 48 46 12 97 14 54 64 4 2 93 8 21 75 59 18 80 68 28 15 20 25 1 62 85 17 45 86 96 90 13 91 52 7 55 24 11 44 51 63 27 98 19 30 23 
TEST 113 ARG:49 72 94 3 19 32 79 99 29 88 20 22 21 0 73 66 69 58 96 60 74 84 26 42 31 11 43 12 67 61 62 8 41 90 54 70 38 81 39 1 57 33 36 16 68 87 17 30 34 28 18 13 35 82 44 97 50 37 4 24 14 23 56 92 48 64 63 80 53 27 25 55 59 46 83 9 40 10 2 7 93 6 98 47 76 75 95 78 86 91 85 51 15 65 71 45 89 52 77 5 
TEST 113 ARG:49 72 94 3 19 32 79 99 29 88 20 22 21 0 73 66 69 58 96 60 74 84 26 42 31 11 43 12 67 61 62 8 41 90 54 70 38 81 39 1 57 33 36 16 68 87 17 30 34 28 18 13 35 82 44 97 50 37 4 24 14 23 56 92 48 64 63 80 53 27 25 55 59 46 83 9 40 10 2 7 93 6 98 47 76 75 95 78 86 91 85 51 15 65 71 45 89 52 77 5 
TEST 114 ARG:68 2 81 85 43 13 32 79 3 47 44 57 45 38 1 9 55 5 34 74 4 97 15 27 93 31 36 77 30 62 59 39 10 42 20 67 41 53 58 49 82 72 48 11 19 92 8 6 96 24 51 35 21 86 76 83 84 33 95 75 73 71 66 56 46 63 87 14 16 99 80 22 52 37 40 89 88 69 98 60 64 90 54 28 50 70 61 29 0 7 23 94 25 65 78 12 91 26 17 18 
TEST 114 ARG:68 2 81 85 43 13 32 79 3 47 44 57 45 38 1 9 55 5 34 74 4 97 15 27 93 31 36 77 30 62 59 39 10 42 20 67 41 53 58 49 82 72 48 11 19 92 8 6 96 24 51 35 21 86 76 83 84 33 95 75 73 71 66 56 46 63 87 14 16 99 80 22 52 37 40 89 88 69 98 60 64 90 54 28 50 70 61 29 0 7 23 94 25 65 78 12 91 26 17 18 
TEST 115 ARG:16 89 35 81 76 62 3 17 75 13 15 59 82 4 23 51 74 39 31 8 10 9 48 29 50 11 20 52 99 92 22 90 93 87 78 27 38 47 56 57 63 83 79 86 44 58 32 91 33 7 2 49 19 43 60 61 96 55 64 36 24 85 84 80 54 71 53 70 67 66 40 72 1 97 6 42 73 88 5 37 41 28 18 95 65 46 68 0 77 98 21 26 12 34 94 14 25 69 45 30 
TEST 115 ARG:16 89 35 81 76 62 3 17 75 13 15 59 82 4 23 51 74 39 31 8 10 9 48 29 50 11 20 52 99 92 22 90 93 87 78 27 38 47 56 57 63 83 79 86 44 58 32 91 33 7 2 49 19 43 60 61 96 55 64 36 24 85 84 80 54 71 53 70 67 66 40 72 1 97 6 42 73 88 5 37 41 28 18 95 65 46 68 0 77 98 21 26 12 34 94 14 25 69 45 30 
TEST 116 ARG:22 21 78 0 67 34 16 77 3 40 29 52 73 61 32 2 38 31 5 49 6 20 11 44 98 4 83 37 88 36 93 95 26 13 15 76 46 75 25 19 12 71 18 66 96 56 74 86 47 45 33 85 55 28 23 89 90 80 57 39 92 50 30 43 69 60 97 65 79 14 59 9 53 7 94 27 35 63 70 24 62 1 64 68 58 10 41 87 81 99 72 8 91 54 48 84 17 51 82 42 
TEST 116 ARG:22 21 78 0 67 34 16 77 3 40 29 52 73 61 32 2 38 31 5 49 6 20 11 44 98 4 83 37 88 36 93 95 26 13 15 76 46 75 25 19 12 71 18 66 96 56 74 86 47 45 33 85 55 28 23 89 90 80 57 39 92 50 30 43 69 60 97 65 79 14 59 9 53 7 94 27 35 63 70 24 62 1 64 68 58 10 41 87 81 99 72 8 91 54 48 84 17 51 82 42 
TEST 117 ARG:49 8 95 62 94 76 14 71 31 58 24 30 68 45 40 2 16 12 67 46 69 78 43 25 44 32 6 96 84 28 83 82 73 4 97 79 39 15 54 9 3 29 10 21 23 19 66 52 59 53 65 92 50 98 90 38 64 48 0 61 81 55 47 75 33 56 85 77 13 22 89 74 42 51 87 91 60 88 80 34 5 1 99 26 37 18 63 20 35 70 17 41 36 86 72 7 11 57 93 27 
TEST 117 ARG:49 8 95 62 94 76 14 71 31 58 24 30 68 45 40 2 16 12 67 46 69 78 43 25 44 32 6 96 84 28 83 82 73 4 97 79 39 15 54 9 3 29 10 21 23 19 66 52 59 53 65 92 50 98 90 38 64 48 0 61 81 55 47 75 33 56 85 77 13 22 89 74 42 51 87 91 60 88 80 34 5 1 99 26 37 18 63 20 35 70 17 41 36 86 72 7 11 57 93 27 
TEST 118 ARG:43 51 13 84 42 12 67 93 54 40 89 55 22 91 37 28 63 62 95 85 9 87 32 48 20 26 29 49 1 23 16 8 96 71 82 25 45 73 35 66 57 90 5 47 75 14 24 4 68 65 77 72 92 39 86 44 88 60 74 50 81 31 94 34 52 46 99 61 79 18 36 58 83 41 21 19 98 10 0 69 53 59 11 15 70 2 7 56 30 78 38 27 76 64 6 3 33 17 97 80 
TEST 118 ARG:43 51 13 84 42 12 67 93 54 40 89 55 22 91 37 28 63 62 95 85 9 87 32 48 20 26 29 49 1 23 16 8 96 71 82 25 45 73 35 66 57 90 5 47 75 14 24 4 68 65 77 72 92 39 86 44 88 60 74 50 81 31 94 34 52 46 99 61 79 18 36 58 83 41 21 19 98 10 0 69 53 59 11 15 70 2 7 56 30 78 38 27 76 64 6 3 33 17 97 80 
TEST 119 ARG:77 45 66 18 83 36 22 53 33 94 57 65 91 70 34 11 35 8 76 41 44 7 96 15 89 61 31 12 92 48 88 84 56 5 54 69 50 42 49 21 20 17 60 95 38 71 51 28 3 81 67 37 99 90 29 2 6 25 46 86 39 87 0 24 80 19 63 59 98 16 79 97 74 78 93 13 72 14 23 10 62 68 64 52 30 58 26 1 32 47 85 73 75 9 43 40 4 55 27 82 
TEST 119 ARG:77 45 66 18 83 36 22 53 33 94 57 65 91 70 34 11 35 8 76 41 44 7 96 15 89 61 31 12 92 48 88 84 56 5 54 69 50 42 49 21 20 17 60 95 38 71 51 28 3 81 67 37 99 90 29 2 6 25 46 86 39 87 0 24 80 19 63 59 98 16 79 97 74 78 93 13 72 14 23 10 62 68 64 52 30 58 26 1 32 47 85 73 75 9 43 40 4 55 27 82 
TEST 120 ARG:21 87 86 73 56 18 2 83 52 90 69 42 66 53 59 54 34 46 85 39 49 1 75 50 62 44 51 67 91 72 81 3 15 8 33 16 5 28 22 31 41 57 77 92 68 43 89 35 64 17 93 61 84 25 63 0 97 88 47 12 78 60 19 76 96 98 11 14 82 48 20 23 30 94 26 13 71 37 74 58 10 29 65 32 4 40 6 45 80 38 36 70 55 27 95 24 7 9 79 99 
TEST 120 ARG:21 87 86 73 56 18 2 83 52 90 69 42 66 53 59 54 34 46 85 39 49 1 75 50 62 44 51 67 91 72 81 3 15 8 33 16 5 28 22 31 41 57 77 92 68 43 89 35 64 17 93 61 84 25 63 0 97 88 47 12 78 60 19 76 96 98 11 14 82 48 20 23 30 94 26 13 71 37 74 58 10 29 65 32 4 40 6 45 80 38 36 70 55 27 95 24 7 9 79 99 
TEST 121 ARG:12 43 69 88 32 65 24 48 23 25 84 19 94 57 51 75 50 81 34 86 49 82 97 55 9 47 35 26 83 67 4 90 3 93 29 95 92 33 46 91 40 56 74 52 39 76 71 1 5 30 70 78 63 77 17 79 20 60 45 38 98 0 62 14 11 31 64 36 8 53 6 42 99 28 96 72 54 59 13 7 87 89 41 10 85 44 18 61 73 15 80 66 2 27 68 16 37 58 22 21 
TEST 121 ARG:12 43 69 88 32 65 24 48 23 25 84 19 94 57 51 75 50 81 34 86 49 82 97 55 9 47 35 26 83 67 4 90 3 93 29 95 92 33 46 91 40 56 74 52 39 76 71 1 5 30 70 78 63 77 17 79 20 60 45 38 98 0 62 14 11 31 64 36 8 53 6 42 99 28 96 72 54 59 13 7 87 89 41 10 85 44 18 61 73 15 80 66 2 27 68 16 37 58 22 21 
TEST 122 ARG:58 59 89 92 63 53 96 5 27 94 64 48 32 15 50 80 54 52 10 99 66 12 18 25 74 14 46 95 11 77 23 90 7 0 2 1 45 26 3 19 87 85 6 65 41 34 22 81 47 78 55 93 28 30 39 68 98 17 49 88 21 82 75 70 67 13 72 40 61 37 73 35 83 42 33 31 79 24 86 97 16 38 84 8 4 60 62 56 71 76 43 91 51 69 36 9 20 57 29 44 
TEST 122 ARG:58 59 89 92 63 53 96 5 27 94 64 48 32 15 50 80 54 52 10 99 66 12 18 25 74 14 46 95 11 77 23 90 7 0 2 1 45 26 3 19 87 85 6 65 41 34 22 81 47 78 55 93 28 30 39 68 98 17 49 88 21 82 75 70 67 13 72 40 61 37 73 35 83 42 33 31 79 24 86 97 16 38 84 8 4 60 62 56 71 76 43 91 51 69 36 9 20 57 29 44 
TEST 123 ARG:34 43 37 9 16 48 23 1 72 61 52 22 4 92 71 60 70 26 94 24 6 75 51 65 93 53 33 44 45 41 17 91 12 81 89 74 46 62 29 31 86 20 19 27 7 40 3 84 35 21 67 59 10 56 0 68 88 95 90 76 5 25 28 58 32 98 99 83 96 50 39 55 38 47 77 57 15 54 14 36 13 97 30 66 82 18 2 69 79 42 87 49 73 78 63 11 8 85 80 64 
TEST 123 ARG:34 43 37 9 16 48 23 1 72 61 52 22 4 92 71 60 70 26 94 24 6 75 51 65 93 53 33 44 45 41 17 91 12 81 89 74 46 62 29 31 86 20 19 27 7 40 3 84 35 21 67 59 10 56 0 68 88 95 90 76 5 25 28 58 32 98 99 83 96 50 39 55 38 47 77 57 15 54 14 36 13 97 30 66 82 18 2 69 79 42 87 49 73 78 63 11 8 85 80 64 
TEST 124 ARG:53 52 4 37 14 65 96 8 39 72 60 6 23 79 18 94 46 91 74 22 59 56 93 50 85 70 67 16 9 83 15 55 86 95 5 88 48 32 75 54 1 38 98 36 62 89 42 66 24 20 90 19 26 71 35 97 21 34 51 57 87 82 43 58 64 80 77 73 47 11 10 40 2 45 29 76 25 44 28 63 41 27 7 68 69 3 33 31 81 99 13 61 17 0 30 84 12 78 92 49 
TEST 124 ARG:53 52 4 37 14 65 96 8 39 72 60 6 23 79 18 94 46 91 74 22 59 56 93 50 85 70 67 16 9 83 15 55 86 95 5 88 48 32 75 54 1 38 98 36 62 89 42 66 24 20 90 19 26 71 35 97 21 34 51 57 87 82 43 58 64 80 77 73 47 11 10 40 2 45 29 76 25 44 28 63 41 27 7 68 69 3 33 31 81 99 13 61 17 0 30 84 12 78 92 49 
TEST 125 ARG:23 42 28 54 64 16 88 78 99 60 49 38 34 44 76 37 70 69 11 92 12 63 72 24 91 55 0 53 93 97 98 5 2 83 52 15 36 84 81 47 95 75 56 87 45 73 66 61 59 4 68 74 50 14 43 80 26 46 19 77 33 96 82 27 3 1 22 51 32 13 30 79 39 35 86 57 25 10 67 89 31 62 6 41 85 65 29 8 58 71 7 17 9 40 20 90 21 94 48 18 
TEST 125 ARG:23 42 28 54 64 16 88 78 99 60 49 38 34 44 76 37 70 69 11 92 12 63 72 24 91 55 0 53 93 97 98 5 2 83 52 15 36 84 81 47 95 75 56 87 45 73 66 61 59 4 68 74 50 14 43 80 26 46 19 77 33 96 82 27 3 1 22 51 32 13 30 79 39 35 86 57 25 10 67 89 31 62 6 41 85 65 29 8 58 71 7 17 9 40 20 90 21 94 48 18 
TEST 126 ARG:78 87 94 96 56 41 19 26 68 64 65 24 39 89 74 12 4 81 45 37 31 79 6 55 18 17 53 73 20 75 23 46 47 59 92 52 48 8 7 63 67 43 84 9 42 11 50 66 16 85 60 57 33 22 77 95 71 99 82 30 91 29 1 93 76 61 25 70 0 69 51 35 58 3 38 36 14 80 13 90 49 21 83 44 98 10 27 34 2 32 62 72 15 5 88 54 97 40 28 86 
TEST 126 ARG:78 87 94 96 56 41 19 26 68 64 65 24 39 89 74 12 4 81 45 37 31 79 6 55 18 17 53 73 20 75 23 46 47 59 92 52 48 8 7 63 67 43 84 9 42 11 50 66 16 85 60 57 33 22 77 95 71 99 82 30 91 29 1 93 76 61 25 70 0 69 51 35 58 3 38 36 14 80 13 90 49 21 83 44 98 10 27 34 2 32 62 72 15 5 88 54 97 40 28 86 
TEST 127 ARG:54 21 30 69 64 49 11 59 16 80 14 58 45 86 95 23 76 77 28 24 55 99 74 41 27 15 56 72 35 31 78 37 51 13 91 71 1 29 34 92 84 12 53 82 66 2 26 17 89 75 83 39 87 48 97 20 68 43 25 67 93 32 3 50 60 90 22 7 52 8 46 81 70 85 98 61 47 57 33 63 79 73 88 40 5 65 4 36 96 42 38 10 6 94 0 19 44 9 18 62 
TEST 127 ARG:54 21 30 69 64 49 11 59 16 80 14 58 45 86 95 23 76 77 28 24 55 99 74 41 27 15 56 72 35 31 78 37 51 13 91 71 1 29 34 92 84 12 53 82 66 2 26 17 89 75 83 39 87 48 97 20 68 43 25 67 93 32 3 50 60 90 22 7 52 8 46 81 70 85 98 61 47 57 33 63 79 73 88 40 5 65 4 36 96 42 38 10 6 94 0 19 44 9 18 62 
TEST 128 ARG:91 19 93 59 1 13 38 18 14 84 50 32 85 37 98 16 95 73 86 48 71 54 15 46 4 75 47 96 87 6 63 80 11 70 29 36 92 90 34 56 82 66 67 97 24 33 12 3 65 52 58 44 53 31 89 21 5 40 83 64 20 60 62 41 9 51 45 78 23 2 25 57 79 88 49 76 43 77 30 94 74 7 10 27 8 26 99 68 81 17 69 42 39 35 28 61 0 55 72 22 
TEST 128 ARG:91 19 93 59 1 13 38 18 14 84 50 32 85 37 98 16 95 73 86 48 71 54 15 46 4 75 47 96 87 6 63 80 11 70 29 36 92 90 34 56 82 66 67 97 24 33 12 3 65 52 58 44 53 31 89 21 5 40 83 64 20 60 62 41 9 51 45 78 23 2 25 57 79 88 49 76 43 77 30 94 74 7 10 27 8 26 99 68 81 17 69 42 39 35 28 61 0 55 72 22 
TEST 129 ARG:81 25 41 84 80 27 90 56 42 5 6 87 9 40 44 29 79 63 71 50 1 30 17 66 22 11 93 61 48 12 60 85 51 91 94 18 97 14 99 76 8 15 73 92 10 0 45 33 55 31 58 62 37 38 89 49 32 23 59 21 75 35 88 65 39 13 78 26 43 28 53 24 36 86 57 34 83 70 74 54 4 68 67 3 47 20 64 52 2 96 69 7 46 16 98 95 19 72 82 77 
TEST 129 ARG:81 25 41 84 80 27 90 56 42 5 6 87 9 40 44 29 79 63 71 50 1 30 17 66 22 11 93 61 48 12 60 85 51 91 94 18 97 14 99 76 8 15 73 92 10 0 45 33 55 31 58 62 37 38 89 49 32 23 59 21 75 35 88 65 39 13 78 26 43 28 53 24 36 86 57 34 83 70 74 54 4 68 67 3 47 20 64 52 2 96 69 7 46 16 98 95 19 72 82 77 
TEST 130 ARG:37 75 91 70 84 38 21 15 94 33 25 4 62 57 77 28 12 71 97 3 23 76 64 96 19 24 13 53 92 89 5 59 18 35 60 43 49 34 14 83 17 0 82 61 54 72 51 32 50 7 87 93 48 41 78 45 86 27 69 20 80 46 66 11 40 16 47 79 44 67 36 9 73 74 10 68 31 29 26 63 52 1 42 39 65 85 58 95 99 56 55 98 90 8 81 88 2 30 6 22 
TEST 130 ARG:37 75 91 70 84 38 21 15 94 33 25 4 62 57 77 28 12 71 97 3 23 76 64 96 19 24 13 53 92 89 5 59 18 35 60 43 49 34 14 83 17 0 82 61 54 72 51 32 50 7 87 93 48 41 78 45 86 27 69 20 80 46 66 11 40 16 47 79 44 67 36 9 73 74 10 68 31 29 26 63 52 1 42 39 65 85 58 95 99 56 55 98 90 8 81 88 2 30 6 22 
TEST 131 ARG:2 17 76 45 33 14 85 43 47 60 39 9 3 88 18 92 52 42 13 27 69 72 83 93 49 79 1 70 29 73 97 38 81 86 82 78 5 37 6 10 67 63 24 51 0 4 8 26 31 53 25 55 34 95 80 28 32 30 36 15 54 56 64 74 48 12 16 68 23 35 40 65 61 46 57 90 96 94 50 71 44 19 21 20 66 98 89 7 91 87 58 22 75 77 11 99 84 62 59 41 
TEST 131 ARG:2 17 76 45 33 14 85 43 47 60 39 9 3 88 18 92 52 42 13 27 69 72 83 93 49 79 1 70 29 73 97 38 81 86 82 78 5 37 6 10 67 63 24 51 0 4 8 26 31 53 25 55 34 95 80 28 32 30 36 15 54 56 64 74 48 12 16 68 23 35 40 65 61 46 57 90 96 94 50 71 44 19 21 20 66 98 89 7 91 87 58 22 75 77 11 99 84 62 59 41 
TEST 132 ARG:97 58 31 68 48 47 75 7 14 87 84 82 20 62 8 15 13 56 33 57 89 28 72 26 46 51 85 60 29 96 77 66 95 52 30 86 24 0 11 69 80 65 90 27 98 16 34 49 93 17 61 36 81 78 10 12 88 45 74 79 43 44 53 92 73 23 2 38 67 4 71 54 37 50 9 1 25 21 91 22 99 55 35 6 32 59 94 39 3 64 19 41 18 42 76 70 40 5 83 63 
TEST 132 ARG:97 58 31 68 48 47 75 7 14 87 84 82 20 62 8 15 13 56 33 57 89 28 72 26 46 51 85 60 29 96 77 66 95 52 30 86 24 0 11 69 80 65 90 27 98 16 34 49 93 17 61 36 81 78 10 12 88 45 74 79 43 44 53 92 73 23 2 38 67 4 71 54 37 50 9 1 25 21 91 22 99 55 35 6 32 59 94 39 3 64 19 41 18 42 76 70 40 5 83 63 
TEST 133 ARG:36 37 59 4 86 38 26 50 28 51 32 98 78 65 82 94 96 11 41 97 85 22 9 33 67 66 88 79 12 62 57 6 47 58 15 21 81 13 91 52 8 46 60 48 23 64 31 68 3 0 42 53 1 93 39 90 54 24 55 56 14 17 40 69 27 43 77 30 10 25 63 71 35 44 92 75 72 18 19 87 49 84 80 74 45 95 73 16 2 29 89 76 5 83 99 70 7 61 34 20 
TEST 133 ARG:36 37 59 4 86 38 26 50 28 51 32 98 78 65 82 94 96 11 41 97 85 22 9 33 67 66 88 79 12 62 57 6 47 58 15 21 81 13 91 52 8 46 60 48 23 64 31 68 3 0 42 53 1 93 39 90 54 24 55 56 14 17 40 69 27 43 77 30 10 25 63 71 35 44 92 75 72 18 19 87 49 84 80 74 45 95 73 16 2 29 89 76 5 83 99 70 7 61 34 20 
TEST 134 ARG:57 58 31 82 27 17 35 9 37 8 23 38 84 14 32 6 18 64 20 34 61 45 41 78 68 0 69 74 97 39 49 43 2 44 24 99 66 40 16 73 63 80 85 77 83 22 53 55 96 21 87 46 79 12 33 47 70 54 11 10 93 28 3 56 26 36 90 95 65 13 25 5 67 91 1 7 19 76 88 29 60 86 51 94 62 52 4 15 71 89 81 42 50 48 92 75 59 72 30 98 
TEST 134 ARG:57 58 31 82 27 17 35 9 37 8 23 38 84 14 32 6 18 64 20 34 61 45 41 78 68 0 69 74 97 39 49 43 2 44 24 99 66 40 16 73 63 80 85 77 83 22 53 55 96 21 87 46 79 12 33 47 70 54 11 10 93 28 3 56 26 36 90 95 65 13 25 5 67 91 1 7 19 76 88 29 60 86 51 94 62 52 4 15 71 89 81 42 50 48 92 75 59 72 30 98 
TEST 135 ARG:1 68 46 22 19 37 92 58 82 75 38 21 11 84 86 85 61 29 43 50 71 97 15 2 91 32 88 45 54 23 99 89 35 48 34 5 56 98 47 20 10 8 60 31 57 94 53 6 74 4 70 96 16 14 42 27 12 41 52 28 36 69 80 62 0 77 9 66 13 33 93 44 51 72 30 65 79 83 90 40 55 3 24 87 76 26 18 95 39 7 17 63 49 59 78 64 25 81 67 73 
TEST 135 ARG:1 68 46 22 19 37 92 58 82 75 38 21 11 84 86 85 61 29 43 50 71 97 15 2 91 32 88 45 54 23 99 89 35 48 34 5 56 98 47 20 10 8 60 31 57 94 53 6 74 4 70 96 16 14 42 27 12 41 52 28 36 69 80 62 0 77 9 66 13 33 93 44 51 72 30 65 79 83 90 40 55 3 24 87 76 26 18 95 39 7 17 63 49 59 78 64 25 81 67 73 
TEST 136 ARG:8 40 73 48 43 21 46 66 10 58 52 60 99 22 35 51 78 37 74 76 77 80 45 62 59 38 70 42 64 97 93 34 5 47 81 67 30 56 90 57 1 11 71 0 12 39 86 95 14 83 50 32 23 28 68 87 24 49 29 19 55 92 69 20 3 82 94 18 2 33 84 44 6 15 89 65 91 7 98 96 61 26 31 9 88 53 72 63 79 41 36 4 54 27 17 25 13 16 85 75 
TEST 136 ARG:8 40 73 48 43 21 46 66 10 58 52 60 99 22 35 51 78 37 74 76 77 80 45 62 59 38 70 42 64 97 93 34 5 47 81 67 30 56 90 57 1 11 71 0 12 39 86 95 14 83 50 32 23 28 68 87 24 49 29 19 55 92 69 20 3 82 94 18 2 33 84 44 6 15 89 65 91 7 98 96 61 26 31 9 88 53 72 63 79 41 36 4 54 27 17 25 13 16 85 75 
TEST 137 ARG:32 71 9 42 0 17 11 8 61 73 18 90 82 45 10 91 2 14 56 85 86 19 31 70 95 92 51 50 40 68 26 79 33 96 4 23 21 30 78 43 41 54 99 63 36 64 47 7 76 98 58 62 29 24 69 20 57 46 66 1 15 44 12 94 67 77 84 22 59 75 72 89 35 88 97 6 5 28 65 60 52 80 38 55 13 49 53 83 39 27 37 87 48 25 16 34 3 81 74 93 
TEST 137 ARG:32 71 9 42 0 17 11 8 61 73 18 90 82 45 10 91 2 14 56 85 86 19 31 70 95 92 51 50 40 68 26 79 33 96 4 23 21 30 78 43 41 54 99 63 36 64 47 7 76 98 58 62 29 24 69 20 57 46 66 1 15 44 12 94 67 77 84 22 59 75 72 89 35 88 97 6 5 28 65 60 52 80 38 55 13 49 53 83 39 27 37 87 48 25 16 34 3 81 74 93 
TEST 138 ARG:94 29 28 46 57 85 14 44 52 24 34 33 17 47 20 43 0 77 96 18 60 80 31 32 89 86 13 39 56 73 38 1 27 42 50 61 5 90 30 9 76 66 68 21 45 19 3 49 55 92 83 51 41 2 79 78 48 16 87 97 6 59 99 74 4 8 7 11 12 58 25 23 35 10 69 53 63 26 67 75 84 88 36 64 70 37 82 95 71 22 15 54 98 40 65 91 62 81 93 72 
TEST 138 ARG:94 29 28 46 57 85 14 44 52 24 34 33 17 47 20 43 0 77 96 18 60 80 31 32 89 86 13 39 56 73 38 1 27 42 50 61 5 90 30 9 76 66 68 21 45 19 3 49 55 92 83 51 41 2 79 78 48 16 87 97 6 59 99 74 4 8 7 11 12 58 25 23 35 10 69 53 63 26 67 75 84 88 36 64 70 37 82 95 71 22 15 54 98 40 65 91 62 81 93 72 
TEST 139 ARG:39 0 88 5 17 42 35 81 94 45 46 30 37 72 38 54 7 76 64 71 63 80 23 33 6 95 87 99 4 1 78 29 91 65 58 70 52 26 15 55 14 18 79 92 74 43 61 28 59 51 82 57 40 89 77 75 3 50 11 44 9 62 31 20 49 53 48 24 66 19 25 96 90 41 22 12 93 84 73 34 56 68 21 32 2 16 47 13 86 8 85 98 69 60 83 36 10 27 67 97 
TEST 139 ARG:39 0 88 5 17 42 35 81 94 45 46 30 37 72 38 54 7 76 64 71 63 80 23 33 6 95 87 99 4 1 78 29 91 65 58 70 52 26 15 55 14 18 79 92 74 43 61 28 59 51 82 57 40 89 77 75 3 50 11 44 9 62 31 20 49 53 48 24 66 19 25 96 90 41 22 12 93 84 73 34 56 68 21 32 2 16 47 13 86 8 85 98 69 60 83 36 10 27 67 97 
TEST 140 ARG:47 99 96 24 18 21 19 20 44 0 89 10 42 25 33 39 23 88 36 61 50 29 60 17 84 45 97 63 85 5 51 68 26 91 82 92 7 40 72 38 12 71 35 27 43 58 70 14 54 46 30 34 87 64 69 57 2 78 79 6 52 4 11 22 73 95 66 93 77 13 32 16 49 3 74 56 8 67 1 41 48 37 86 59 9 55 76 83 94 81 53 62 80 15 98 75 28 90 31 65 
TEST 140 ARG:47 99 96 24 18 21 19 20 44 0 89 10 42 25 33 39 23 88 36 61 50 29 60 17 84 45 97 63 85 5 51 68 26 91 82 92 7 40 72 38 12 71 35 27 43 58 70 14 54 46 30 34 87 64 69 57 2 78 79 6 52 4 11 22 73 95 66 93 77 13 32 16 49 3 74 56 8 67 1 41 48 37 86 59 9 55 76 83 94 81 53 62 80 15 98 75 28 90 31 65 
TEST 141 ARG:3 95 43 91 89 38 37 10 23 36 8 78 63 72 17 69 53 33 20 22 35 83 52 13 58 75 34 24 61 98 41 66 7 56 55 49 99 76 19 54 28 93 30 4 5 62 0 31 25 6 64 18 65 40 68 48 80 42 74 86 51 32 11 84 87 45 29 92 21 77 67 12 27 39 57 97 1 96 82 2 14 44 15 59 50 46 71 26 90 9 16 85 81 94 47 70 79 60 88 73 
TEST 141 ARG:3 95 43 91 89 38 37 10 23 36 8 78 63 72 17 69 53 33 20 22 35 83 52 13 58 75 34 24 61 98 41 66 7 56 55 49 99 76 19 54 28 93 30 4 5 62 0 31 25 6 64 18 65 40 68 48 80 42 74 86 51 32 11 84 87 45 29 92 21 77 67 12 27 39 57 97 1 96 82 2 14 44 15 59 50 46 71 26 90 9 16 85 81 94 47 70 79 60 88 73 
TEST 142 ARG:21 3 67 95 62 47 13 30 18 83 59 55 9 51 39 0 86 17 4 91 28 11 46 38 2 7 29 15 44 68 61 90 97 1 45 79 78 99 92 88 10 22 87 84 56 40 71 8 58 66 52 69 81 80 37 34 6 70 36 94 53 41 43 42 19 24 48 76 65 27 73 32 50 64 96 23 35 12 98 14 33 49 54 25 89 74 60 20 63 93 75 72 77 31 82 57 26 5 16 85 
TEST 142 ARG:21 3 67 95 62 47 13 30 18 83 59 55 9 51 39 0 86 17 4 91 28 11 46 38 2 7 29 15 44 68 61 90 97 1 45 79 78 99 92 88 10 22 87 84 56 40 71 8 58 66 52 69 81 80 37 34 6 70 36 94 53 41 43 42 19 24 48 76 65 27 73 32 50 64 96 23 35 12 98 14 33 49 54 25 89 74 60 20 63 93 75 72 77 31 82 57 26 5 16 85 
TEST 143 ARG:13 23 41 56 97 74 80 57 34 86 46 15 40 66 28 60 96 71 27 30 11 9 25 7 6 14 78 59 54 10 18 61 17 5 48 85 36 52 51 70 75 50 62 31 3 64 55 87 98 0 21 95 76 63 42 24 39 77 38 19 65 92 1 37 32 20 79 8 88 82 12 4 94 84 58 53 26 43 93 72 44 81 99 89 91 33 35 29 2 22 83 49 73 47 90 45 68 67 16 69 
TEST 143 ARG:13 23 41 56 97 74 80 57 34 86 46 15 40 66 28 60 96 71 27 30 11 9 25 7 6 14 78 59 54 10 18 61 17 5 48 85 36 52 51 70 75 50 62 31 3 64 55 87 98 0 21 95 76 63 42 24 39 77 38 19 65 92 1 37 32 20 79 8 88 82 12 4 94 84 58 53 26 43 93 72 44 81 99 89 91 33 35 29 2 22 83 49 73 47 90 45 68 67 16 69 
TEST 144 ARG:8 21 1 45 78 94 66 20 56 84 53 73 54 3 93 67 22 43 52 61 82 96 87 59 64 2 13 76 57 26 29 41 18 74 15 5 71 81 38 80 6 17 4 7 75 24 92 27 95 51 50 12 85 58 72 16 25 55 90 33 31 69 23 79 37 10 34 0 36 30 60 98 28 42 91 77 35 46 68 9 70 44 99 14 47 65 19 86 32 97 88 89 49 83 48 62 40 11 63 39 
TEST 144 ARG:8 21 1 45 78 94 66 20 56 84 53 73 54 3 93 67 22 43 52 61 82 96 87 59 64 2 13 76 57 26 29 41 18 74 15 5 71 81 38 80 6 17 4 7 75 24 92 27 95 51 50 12 85 58 72 16 25 55 90 33 31 69 23 79 37 10 34 0 36 30 60 98 28 42 91 77 35 46 68 9 70 44 99 14 47 65 19 86 32 97 88 89 49 83 48 62 40 11 63 39 
TEST 145 ARG:87 11 26 39 98 54 58 24 67 93 3 50 78 15 31 89 37 86 51 29 40 69 18 66 22 33 17 61 44 65 53 25 10 99 80 13 6 12 8 85 68 45 47 35 92 88 30 28 91 43 77 36 9 55 81 49 73 74 5 59 84 60 97 46 42 1 94 64 27 62 72 32 63 79 71 56 21 7 76 48 34 75 0 96 16 20 95 57 41 2 70 52 23 82 4 19 14 83 38 90 
TEST 145 ARG:87 11 26 39 98 54 58 24 67 93 3 50 78 15 31 89 37 86 51 29 40 69 18 66 22 33 17 61 44 65 53 25 10 99 80 13 6 12 8 85 68 45 47 35 92 88 30 28 91 43 77 36 9 55 81 49 73 74 5 59 84 60 97 46 42 1 94 64 27 62 72 32 63 79 71 56 21 7 76 48 34 75 0 96 16 20 95 57 41 2 70 52 23 82 4 19 14 83 38 90 
TEST 146 ARG:64 36 96 46 35 60 91 89 34 3 33 32 85 43 48 70 74 94 81 56 55 10 6 17 12 69 5 47 22 29 20 84 93 75 50 7 77 65 44 13 87 24 45 28 72 88 27 62 61 57 26 2 63 52 95 98 67 80 79 23 42 49 19 83 8 0 41 73 38 66 1 31 21 16 40 97 25 90 14 76 54 82 9 53 99 37 18 78 30 4 15 92 68 71 59 11 58 39 51 86 
TEST 146 ARG:64 36 96 46 35 60 91 89 34 3 33 32 85 43 48 70 74 94 81 56 55 10 6 17 12 69 5 47 22 29 20 84 93 75 50 7 77 65 44 13 87 24 45 28 72 88 27 62 61 57 26 2 63 52 95 98 67 80 79 23 42 49 19 83 8 0 41 73 38 66 1 31 21 16 40 97 25 90 14 76 54 82 9 53 99 37 18 78 30 4 15 92 68 71 59 11 58 39 51 86 
TEST 147 ARG:74 90 67 89 19 59 76 48 54 13 14 75 35 37 17 25 92 79 58 4 22 96 55 61 78 60 53 27 38 42 24 86 63 16 28 49 94 81 91 72 62 32 9 3 56 36 18 6 52 69 85 95 83 41 88 47 71 20 57 29 99 11 98 93 15 5 10 70 82 40 34 0 39 80 2 31 12 33 97 26 73 8 1 50 23 65 21 87 7 68 46 84 64 43 45 30 51 44 66 77 
TEST 147 ARG:74 90 67 89 19 59 76 48 54 13 14 75 35 37 17 25 92 79 58 4 22 96 55 61 78 60 53 27 38 42 24 86 63 16 28 49 94 81 91 72 62 32 9 3 56 36 18 6 52 69 85 95 83 41 88 47 71 20 57 29 99 11 98 93 15 5 10 70 82 40 34 0 39 80 2 31 12 33 97 26 73 8 1 50 23 65 21 87 7 68 46 84 64 43 45 30 51 44 66 77 
TEST 148 ARG:66 41 47 28 89 5 12 71 7 40 15 3 53 95 70 42 4 85 86 55 6 51 45 97 93 75 91 39 92 76 56 64 46 26 11 36 72 61 52 57 87 50 68 0 24 25 34 99 1 48 18 80 96 29 37 73 60 19 13 20 88 21 84 31 58 14 81 16 65 10 33 49 54 35 69 83 82 98 90 62 38 23 43 74 17 59 2 22 30 67 78 44 94 8 63 27 32 79 77 9 
TEST 148 ARG:66 41 47 28 89 5 12 71 7 40 15 3 53 95 70 42 4 85 86 55 6 51 45 97 93 75 91 39 92 76 56 64 46 26 11 36 72 61 52 57 87 50 68 0 24 25 34 99 1 48 18 80 96 29 37 73 60 19 13 20 88 21 84 31 58 14 81 16 65 10 33 49 54 35 69 83 82 98 90 62 38 23 43 74 17 59 2 22 30 67 78 44 94 8 63 27 32 79 77 9 
TEST 149 ARG:32 78 83 93 21 27 69 6 38 22 64 19 91 20 97 60 39 14 57 76 40 79 62 94 25 42 12 51 29 77 66 7 53 90 86 46 80 30 8 18 41 31 59 36 47 3 4 82 98 88 43 48 0 75 33 26 92 5 61 55 37 71 13 95 63 24 45 72 68 56 73 10 84 96 23 28 44 16 15 81 49 9 58 35 17 1 50 99 89 74 11 54 87 34 85 2 52 67 65 70 
TEST 149 ARG:32 78 83 93 21 27 69 6 38 22 64 19 91 20 97 60 39 14 57 76 40 79 62 94 25 42 12 51 29 77 66 7 53 90 86 46 80 30 8 18 41 31 59 36 47 3 4 82 98 88 43 48 0 75 33 26 92 5 61 55 37 71 13 95 63 24 45 72 68 56 73 10 84 96 23 28 44 16 15 81 49 9 58 35 17 1 50 99 89 74 11 54 87 34 85 2 52 67 65 70 
TEST 150 ARG:46 65 31 58 34 32 49 22 67 51 57 54 26 90 29 70 74 12 72 7 55 56 62 28 37 25 40 63 5 41 71 43 69 42 89 95 61 21 94 85 11 59 18 53 97 16 77 73 19 48 20 92 3 84 80 96 64 27 8 39 66 78 99 30 93 15 0 87 33 44 75 24 36 83 86 10 81 17 14 23 82 50 68 1 38 52 60 6 79 98 45 47 2 88 76 4 35 13 9 91 
TEST 150 ARG:46 65 31 58 34 32 49 22 67 51 57 54 26 90 29 70 74 12 72 7 55 56 62 28 37 25 40 63 5 41 71 43 69 42 89 95 61 21 94 85 11 59 18 53 97 16 77 73 19 48 20 92 3 84 80 96 64 27 8 39 66 78 99 30 93 15 0 87 33 44 75 24 36 83 86 10 81 17 14 23 82 50 68 1 38 52 60 6 79 98 45 47 2 88 76 4 35 13 9 91 
